nb_bit	taps	seed	TF coverage	num of test patterns	weights	freq of zeros
10	10, 9, 7, 6	[0, 1, 1, 1, 1, 1, 0, 1, 0, 1]	64.3359%	1000	0.5	1.0	0.499537
10	10, 9, 7, 6	[0, 1, 1, 1, 1, 1, 0, 1, 0, 1]	66.4090%	2000	0.5	1.0	0.499537
10	10, 9, 7, 6	[0, 1, 1, 1, 1, 1, 0, 1, 0, 1]	67.1469%	3000	0.5	1.0	0.499537
10	10, 9, 7, 6	[0, 1, 1, 1, 1, 1, 0, 1, 0, 1]	67.3928%	4000	0.5	1.0	0.499537
10	10, 9, 7, 6	[1, 0, 0, 1, 0, 1, 0, 0, 1, 0]	63.5980%	1000	0.5	1.0	0.499467
10	10, 9, 7, 6	[1, 0, 0, 1, 0, 1, 0, 0, 1, 0]	66.0576%	2000	0.5	1.0	0.499467
10	10, 9, 7, 6	[1, 0, 0, 1, 0, 1, 0, 0, 1, 0]	66.8306%	3000	0.5	1.0	0.499467
10	10, 9, 7, 6	[1, 0, 0, 1, 0, 1, 0, 0, 1, 0]	67.5334%	4000	0.5	1.0	0.499467
10	10, 9, 7, 6	[0, 1, 1, 0, 0, 1, 1, 0, 1, 1]	64.0900%	1000	0.5	1.0	0.499655
10	10, 9, 7, 6	[0, 1, 1, 0, 0, 1, 1, 0, 1, 1]	66.1630%	2000	0.5	1.0	0.499655
10	10, 9, 7, 6	[0, 1, 1, 0, 0, 1, 1, 0, 1, 1]	67.2874%	3000	0.5	1.0	0.499655
10	10, 9, 7, 6	[0, 1, 1, 0, 0, 1, 1, 0, 1, 1]	67.7442%	4000	0.5	1.0	0.499655
10	10, 9, 7, 6	[1, 1, 0, 0, 0, 0, 0, 0, 1, 0]	63.0007%	1000	0.5	1.0	0.499514
10	10, 9, 7, 6	[1, 1, 0, 0, 0, 0, 0, 0, 1, 0]	66.0928%	2000	0.5	1.0	0.499514
10	10, 9, 7, 6	[1, 1, 0, 0, 0, 0, 0, 0, 1, 0]	67.2171%	3000	0.5	1.0	0.499514
10	10, 9, 7, 6	[1, 1, 0, 0, 0, 0, 0, 0, 1, 0]	67.7442%	4000	0.5	1.0	0.499514
10	10, 9, 7, 6	[1, 1, 0, 0, 0, 0, 0, 0, 1, 0][0, 1, 0, 1, 0, 1, 0, 0, 0, 1]	63.0007%	1000	0.5, 0.25	0.5	0.499514
10	10, 9, 7, 6	[1, 1, 0, 0, 0, 0, 0, 0, 1, 0][1, 0, 1, 0, 1, 1, 0, 1, 1, 1]	61.9466%	1000	0.5, 0.25	0.8, 0.2	0.507994
10	10, 9, 7, 6	[1, 1, 0, 0, 0, 0, 0, 0, 1, 0]	62.0520%	1000	0.5, 0.25	0.5	0.524663
10	10, 9, 7, 6	[1, 1, 0, 0, 0, 0, 0, 0, 1, 0]	63.3521%	1000	0.5, 0.25	0.8, 0.2	0.509675
10	10, 9, 7, 6	[1, 1, 0, 0, 0, 0, 0, 0, 1, 0][1, 1, 0, 1, 0, 0, 1, 0, 1, 0]	63.0007%	1000	0.5, 0.75	0.5	0.499514
10	10, 9, 7, 6	[1, 1, 0, 0, 0, 0, 0, 0, 1, 0][0, 0, 0, 0, 1, 1, 0, 1, 1, 1]	62.8953%	1000	0.5, 0.75	0.9, 0.1	0.522680
10	10, 9, 7, 6	[1, 1, 0, 0, 0, 0, 0, 0, 1, 0]	62.5439%	1000	0.5, 0.75	0.5	0.615735
10	10, 9, 7, 6	[1, 1, 0, 0, 0, 0, 0, 0, 1, 0]	63.1061%	1000	0.5, 0.75	0.9, 0.1	0.522669
10	10, 9, 7, 6	[1, 1, 0, 0, 0, 0, 0, 0, 1, 0][0, 0, 0, 1, 0, 0, 0, 0, 1, 0]	63.0007%	1000	0.5, 0.125	0.5	0.499514
10	10, 9, 7, 6	[1, 1, 0, 0, 0, 0, 0, 0, 1, 0][1, 0, 0, 1, 1, 0, 1, 1, 0, 0]	62.6142%	1000	0.5, 0.125	0.9, 0.1	0.485182
10	10, 9, 7, 6	[1, 1, 0, 0, 0, 0, 0, 0, 1, 0]	60.1546%	1000	0.5, 0.125	0.5	0.349420
10	10, 9, 7, 6	[1, 1, 0, 0, 0, 0, 0, 0, 1, 0]	62.5439%	1000	0.5, 0.125	0.9, 0.1	0.469667
10	10, 9, 7, 6	[0, 1, 0, 0, 1, 0, 0, 0, 0, 0][1, 1, 0, 0, 0, 0, 0, 0, 1, 0][0, 1, 0, 0, 1, 1, 0, 0, 1, 0]	63.0007%	1000	0.25, 0.5, 0.75	0.3333333333333333	0.499514
10	10, 9, 7, 6	[0, 0, 1, 0, 1, 0, 1, 0, 1, 1][1, 1, 0, 0, 0, 0, 0, 0, 1, 0][0, 0, 0, 1, 1, 0, 1, 1, 1, 1]	63.1764%	1000	0.25, 0.5, 0.75	0.1, 0.8, 0.1	0.527542
10	10, 9, 7, 6	[1, 1, 0, 0, 0, 0, 0, 0, 1, 0]	63.1413%	1000	0.25, 0.5, 0.75	0.3333333333333333	0.592462
10	10, 9, 7, 6	[1, 1, 0, 0, 0, 0, 0, 0, 1, 0]	62.9656%	1000	0.25, 0.5, 0.75	0.1, 0.8, 0.1	0.526174
10	10, 9, 7, 6	[1, 0, 0, 1, 1, 0, 0, 1, 0, 0][0, 0, 0, 1, 0, 1, 0, 0, 1, 1][1, 1, 0, 0, 0, 0, 0, 0, 1, 0][1, 0, 0, 0, 1, 1, 1, 0, 1, 1]	63.0007%	1000	0.125, 0.25, 0.5, 0.75	0.25	0.499514
10	10, 9, 7, 6	[1, 1, 0, 0, 0, 0, 0, 0, 1, 0][0, 1, 0, 1, 1, 0, 1, 0, 0, 0][1, 1, 0, 0, 0, 0, 0, 0, 1, 0][1, 1, 1, 1, 0, 1, 1, 0, 0, 1]	63.4575%	1000	0.125, 0.25, 0.5, 0.75	0.1, 0.1, 0.7, 0.1	0.495022
10	10, 9, 7, 6	[1, 1, 0, 0, 0, 0, 0, 0, 1, 0]	62.4385%	1000	0.125, 0.25, 0.5, 0.75	0.25	0.493561
10	10, 9, 7, 6	[1, 1, 0, 0, 0, 0, 0, 0, 1, 0]	63.0007%	1000	0.125, 0.25, 0.5, 0.75	0.1, 0.1, 0.7, 0.1	0.496649
10	10, 9, 7, 6	[1, 1, 0, 0, 0, 0, 0, 0, 1, 0][0, 1, 0, 1, 0, 0, 0, 1, 0, 1]	63.0007%	2000	0.5, 0.25	0.5	0.499514
10	10, 9, 7, 6	[1, 1, 0, 0, 0, 0, 0, 0, 1, 0][1, 0, 1, 1, 0, 0, 1, 1, 0, 0]	65.9874%	2000	0.5, 0.25	0.8, 0.2	0.509538
10	10, 9, 7, 6	[1, 1, 0, 0, 0, 0, 0, 0, 1, 0]	64.0197%	2000	0.5, 0.25	0.5	0.524870
10	10, 9, 7, 6	[1, 1, 0, 0, 0, 0, 0, 0, 1, 0]	65.6008%	2000	0.5, 0.25	0.8, 0.2	0.509626
10	10, 9, 7, 6	[1, 1, 0, 0, 0, 0, 0, 0, 1, 0][0, 0, 0, 0, 1, 1, 0, 1, 0, 1]	63.0007%	2000	0.5, 0.75	0.5	0.499514
10	10, 9, 7, 6	[1, 1, 0, 0, 0, 0, 0, 0, 1, 0][0, 1, 1, 1, 0, 0, 1, 1, 1, 0]	66.5495%	2000	0.5, 0.75	0.9, 0.1	0.522519
10	10, 9, 7, 6	[1, 1, 0, 0, 0, 0, 0, 0, 1, 0]	65.4954%	2000	0.5, 0.75	0.5	0.613453
10	10, 9, 7, 6	[1, 1, 0, 0, 0, 0, 0, 0, 1, 0]	66.3387%	2000	0.5, 0.75	0.9, 0.1	0.522406
10	10, 9, 7, 6	[1, 1, 0, 0, 0, 0, 0, 0, 1, 0][1, 0, 0, 1, 1, 0, 1, 1, 0, 0]	63.0007%	2000	0.5, 0.125	0.5	0.499514
10	10, 9, 7, 6	[1, 1, 0, 0, 0, 0, 0, 0, 1, 0][1, 0, 0, 1, 0, 1, 1, 1, 0, 1]	66.0576%	2000	0.5, 0.125	0.9, 0.1	0.485157
10	10, 9, 7, 6	[1, 1, 0, 0, 0, 0, 0, 0, 1, 0]	63.0007%	2000	0.5, 0.125	0.5	0.349556
10	10, 9, 7, 6	[1, 1, 0, 0, 0, 0, 0, 0, 1, 0]	65.9874%	2000	0.5, 0.125	0.9, 0.1	0.469633
10	10, 9, 7, 6	[0, 0, 1, 1, 1, 1, 1, 0, 1, 0][1, 1, 0, 0, 0, 0, 0, 0, 1, 0][0, 0, 1, 0, 0, 0, 0, 1, 0, 1]	63.0007%	2000	0.25, 0.5, 0.75	0.3333333333333333	0.499514
10	10, 9, 7, 6	[0, 1, 0, 1, 1, 1, 1, 1, 1, 1][1, 1, 0, 0, 0, 0, 0, 0, 1, 0][1, 0, 1, 1, 1, 0, 0, 1, 1, 0]	65.9874%	2000	0.25, 0.5, 0.75	0.1, 0.8, 0.1	0.527257
10	10, 9, 7, 6	[1, 1, 0, 0, 0, 0, 0, 0, 1, 0]	65.1089%	2000	0.25, 0.5, 0.75	0.3333333333333333	0.592003
10	10, 9, 7, 6	[1, 1, 0, 0, 0, 0, 0, 0, 1, 0]	66.1630%	2000	0.25, 0.5, 0.75	0.1, 0.8, 0.1	0.527057
10	10, 9, 7, 6	[0, 0, 1, 0, 0, 0, 0, 0, 0, 1][1, 0, 1, 0, 0, 1, 1, 1, 0, 1][1, 1, 0, 0, 0, 0, 0, 0, 1, 0][0, 1, 0, 1, 0, 1, 1, 0, 1, 0]	63.0007%	2000	0.125, 0.25, 0.5, 0.75	0.25	0.499514
10	10, 9, 7, 6	[1, 0, 1, 0, 0, 1, 1, 1, 0, 1][0, 0, 1, 0, 1, 1, 0, 1, 0, 0][1, 1, 0, 0, 0, 0, 0, 0, 1, 0][0, 1, 0, 1, 0, 0, 1, 0, 1, 1]	65.3900%	2000	0.125, 0.25, 0.5, 0.75	0.1, 0.1, 0.7, 0.1	0.495613
10	10, 9, 7, 6	[1, 1, 0, 0, 0, 0, 0, 0, 1, 0]	63.3521%	2000	0.125, 0.25, 0.5, 0.75	0.25	0.494228
10	10, 9, 7, 6	[1, 1, 0, 0, 0, 0, 0, 0, 1, 0]	65.9874%	2000	0.125, 0.25, 0.5, 0.75	0.1, 0.1, 0.7, 0.1	0.497703
10	10, 9, 7, 6	[1, 1, 0, 0, 0, 0, 0, 0, 1, 0][1, 0, 1, 0, 0, 0, 1, 1, 1, 1]	63.0007%	3000	0.5, 0.25	0.5	0.499514
10	10, 9, 7, 6	[1, 1, 0, 0, 0, 0, 0, 0, 1, 0][0, 1, 0, 0, 1, 0, 1, 1, 0, 1]	66.9361%	3000	0.5, 0.25	0.8, 0.2	0.509709
10	10, 9, 7, 6	[1, 1, 0, 0, 0, 0, 0, 0, 1, 0]	65.6008%	3000	0.5, 0.25	0.5	0.524968
10	10, 9, 7, 6	[1, 1, 0, 0, 0, 0, 0, 0, 1, 0]	66.9361%	3000	0.5, 0.25	0.8, 0.2	0.509571
10	10, 9, 7, 6	[1, 1, 0, 0, 0, 0, 0, 0, 1, 0][1, 1, 0, 1, 0, 1, 0, 1, 0, 0]	63.0007%	3000	0.5, 0.75	0.5	0.499514
10	10, 9, 7, 6	[1, 1, 0, 0, 0, 0, 0, 0, 1, 0][0, 1, 1, 0, 1, 1, 1, 0, 0, 0]	67.0063%	3000	0.5, 0.75	0.9, 0.1	0.522441
10	10, 9, 7, 6	[1, 1, 0, 0, 0, 0, 0, 0, 1, 0]	66.5847%	3000	0.5, 0.75	0.5	0.612522
10	10, 9, 7, 6	[1, 1, 0, 0, 0, 0, 0, 0, 1, 0]	67.2874%	3000	0.5, 0.75	0.9, 0.1	0.522166
10	10, 9, 7, 6	[1, 1, 0, 0, 0, 0, 0, 0, 1, 0][0, 1, 0, 0, 1, 0, 0, 0, 0, 1]	63.0007%	3000	0.5, 0.125	0.5	0.499514
10	10, 9, 7, 6	[1, 1, 0, 0, 0, 0, 0, 0, 1, 0][0, 1, 0, 1, 0, 1, 1, 0, 1, 1]	66.9361%	3000	0.5, 0.125	0.9, 0.1	0.469656
10	10, 9, 7, 6	[1, 1, 0, 0, 0, 0, 0, 0, 1, 0]	64.7224%	3000	0.5, 0.125	0.5	0.349642
10	10, 9, 7, 6	[1, 1, 0, 0, 0, 0, 0, 0, 1, 0]	66.9361%	3000	0.5, 0.125	0.9, 0.1	0.469609
10	10, 9, 7, 6	[1, 0, 1, 1, 1, 1, 0, 1, 0, 1][1, 1, 0, 0, 0, 0, 0, 0, 1, 0][0, 1, 1, 1, 0, 0, 0, 1, 0, 0]	63.0007%	3000	0.25, 0.5, 0.75	0.3333333333333333	0.499514
10	10, 9, 7, 6	[0, 0, 1, 0, 1, 0, 0, 1, 1, 1][1, 1, 0, 0, 0, 0, 0, 0, 1, 0][1, 0, 1, 1, 1, 0, 1, 1, 1, 1]	66.8658%	3000	0.25, 0.5, 0.75	0.1, 0.8, 0.1	0.527496
10	10, 9, 7, 6	[1, 1, 0, 0, 0, 0, 0, 0, 1, 0]	66.5847%	3000	0.25, 0.5, 0.75	0.3333333333333333	0.592806
10	10, 9, 7, 6	[1, 1, 0, 0, 0, 0, 0, 0, 1, 0]	67.2523%	3000	0.25, 0.5, 0.75	0.1, 0.8, 0.1	0.527164
10	10, 9, 7, 6	[0, 0, 0, 0, 1, 0, 0, 1, 1, 0][0, 0, 0, 1, 0, 1, 1, 0, 1, 1][1, 1, 0, 0, 0, 0, 0, 0, 1, 0][1, 0, 0, 1, 1, 0, 1, 1, 1, 1]	67.9550%	3000	0.125, 0.25, 0.5, 0.75	0.25	0.526518
10	10, 9, 7, 6	[0, 1, 1, 0, 1, 0, 1, 1, 1, 1][0, 0, 0, 1, 1, 0, 0, 1, 1, 1][1, 1, 0, 0, 0, 0, 0, 0, 1, 0][0, 0, 1, 1, 1, 1, 1, 0, 1, 0]	66.7955%	3000	0.125, 0.25, 0.5, 0.75	0.1, 0.1, 0.7, 0.1	0.512403
10	10, 9, 7, 6	[1, 1, 0, 0, 0, 0, 0, 0, 1, 0]	65.6008%	3000	0.125, 0.25, 0.5, 0.75	0.25	0.494436
10	10, 9, 7, 6	[1, 1, 0, 0, 0, 0, 0, 0, 1, 0]	66.9712%	3000	0.125, 0.25, 0.5, 0.75	0.1, 0.1, 0.7, 0.1	0.497423
10	10, 9, 7, 6	[1, 1, 0, 0, 0, 0, 0, 0, 1, 0][1, 0, 0, 0, 0, 1, 0, 1, 1, 0]	67.9550%	4000	0.5, 0.25	0.5	0.526518
10	10, 9, 7, 6	[1, 1, 0, 0, 0, 0, 0, 0, 1, 0][1, 0, 1, 1, 1, 0, 1, 1, 1, 1]	67.4280%	4000	0.5, 0.25	0.8, 0.2	0.509748
10	10, 9, 7, 6	[1, 1, 0, 0, 0, 0, 0, 0, 1, 0]	66.4793%	4000	0.5, 0.25	0.5	0.525108
10	10, 9, 7, 6	[1, 1, 0, 0, 0, 0, 0, 0, 1, 0]	67.5334%	4000	0.5, 0.25	0.8, 0.2	0.509738
10	10, 9, 7, 6	[1, 1, 0, 0, 0, 0, 0, 0, 1, 0][1, 0, 0, 1, 1, 1, 1, 0, 0, 0]	67.9550%	4000	0.5, 0.75	0.5	0.526518
10	10, 9, 7, 6	[1, 1, 0, 0, 0, 0, 0, 0, 1, 0][0, 1, 1, 0, 1, 0, 1, 0, 0, 1]	67.7793%	4000	0.5, 0.75	0.9, 0.1	0.522365
10	10, 9, 7, 6	[1, 1, 0, 0, 0, 0, 0, 0, 1, 0]	67.2523%	4000	0.5, 0.75	0.5	0.612710
10	10, 9, 7, 6	[1, 1, 0, 0, 0, 0, 0, 0, 1, 0]	67.6037%	4000	0.5, 0.75	0.9, 0.1	0.522636
10	10, 9, 7, 6	[1, 1, 0, 0, 0, 0, 0, 0, 1, 0][1, 1, 0, 0, 0, 1, 0, 1, 1, 0]	67.9550%	4000	0.5, 0.125	0.5	0.526518
10	10, 9, 7, 6	[1, 1, 0, 0, 0, 0, 0, 0, 1, 0][1, 1, 1, 0, 1, 0, 0, 1, 0, 1]	67.4280%	4000	0.5, 0.125	0.9, 0.1	0.469572
10	10, 9, 7, 6	[1, 1, 0, 0, 0, 0, 0, 0, 1, 0]	66.0928%	4000	0.5, 0.125	0.5	0.349698
10	10, 9, 7, 6	[1, 1, 0, 0, 0, 0, 0, 0, 1, 0]	67.4280%	4000	0.5, 0.125	0.9, 0.1	0.469587
10	10, 9, 7, 6	[1, 0, 1, 0, 0, 1, 1, 0, 0, 1][1, 1, 0, 0, 0, 0, 0, 0, 1, 0][1, 1, 1, 1, 0, 0, 1, 0, 1, 1]	67.9550%	4000	0.25, 0.5, 0.75	0.3333333333333333	0.526518
10	10, 9, 7, 6	[1, 1, 1, 0, 1, 0, 1, 1, 1, 1][1, 1, 0, 0, 0, 0, 0, 0, 1, 0][0, 0, 0, 1, 1, 1, 0, 1, 1, 1]	67.7442%	4000	0.25, 0.5, 0.75	0.1, 0.8, 0.1	0.527170
10	10, 9, 7, 6	[1, 1, 0, 0, 0, 0, 0, 0, 1, 0]	65.9874%	4000	0.25, 0.5, 0.75	0.3333333333333333	0.591907
10	10, 9, 7, 6	[1, 1, 0, 0, 0, 0, 0, 0, 1, 0]	68.0604%	4000	0.25, 0.5, 0.75	0.1, 0.8, 0.1	0.527824
10	10, 9, 7, 6	[0, 1, 1, 1, 0, 1, 1, 1, 0, 1][0, 1, 0, 0, 1, 1, 1, 0, 0, 0][1, 1, 0, 0, 0, 0, 0, 0, 1, 0][1, 0, 0, 1, 1, 0, 0, 1, 1, 0]	68.0956%	4000	0.125, 0.25, 0.5, 0.75	0.25	0.527104
10	10, 9, 7, 6	[0, 0, 1, 0, 0, 0, 1, 1, 1, 1][1, 1, 1, 0, 1, 0, 1, 0, 0, 1][1, 1, 0, 0, 0, 0, 0, 0, 1, 0][1, 0, 1, 0, 1, 1, 1, 1, 1, 1]	67.8496%	4000	0.125, 0.25, 0.5, 0.75	0.1, 0.1, 0.7, 0.1	0.512634
10	10, 9, 7, 6	[1, 1, 0, 0, 0, 0, 0, 0, 1, 0]	66.1982%	4000	0.125, 0.25, 0.5, 0.75	0.25	0.494761
10	10, 9, 7, 6	[1, 1, 0, 0, 0, 0, 0, 0, 1, 0]	67.6739%	4000	0.125, 0.25, 0.5, 0.75	0.1, 0.1, 0.7, 0.1	0.497422
13	13, 12, 10, 9	[1, 0, 0, 1, 0, 0, 1, 1, 0, 1, 1, 1, 1]	56.4301%	1000	0.5	1.0	0.499667
13	13, 12, 10, 9	[1, 0, 0, 1, 0, 0, 1, 1, 0, 1, 1, 1, 1]	57.7301%	2000	0.5	1.0	0.499667
13	13, 12, 10, 9	[1, 0, 0, 1, 0, 0, 1, 1, 0, 1, 1, 1, 1]	58.1518%	3000	0.5	1.0	0.499667
13	13, 12, 10, 9	[1, 0, 0, 1, 0, 0, 1, 1, 0, 1, 1, 1, 1]	58.2923%	4000	0.5	1.0	0.499667
13	13, 12, 10, 9	[1, 1, 1, 0, 0, 1, 0, 1, 1, 1, 1, 1, 0]	56.8166%	1000	0.5	1.0	0.499840
13	13, 12, 10, 9	[1, 1, 1, 0, 0, 1, 0, 1, 1, 1, 1, 1, 0]	57.7301%	2000	0.5	1.0	0.499840
13	13, 12, 10, 9	[1, 1, 1, 0, 0, 1, 0, 1, 1, 1, 1, 1, 0]	58.0464%	3000	0.5	1.0	0.499840
13	13, 12, 10, 9	[1, 1, 1, 0, 0, 1, 0, 1, 1, 1, 1, 1, 0]	58.3275%	4000	0.5	1.0	0.499840
13	13, 12, 10, 9	[1, 1, 1, 1, 0, 0, 1, 0, 0, 1, 0, 0, 0]	56.1490%	1000	0.5	1.0	0.499948
13	13, 12, 10, 9	[1, 1, 1, 1, 0, 0, 1, 0, 0, 1, 0, 0, 0]	57.2734%	2000	0.5	1.0	0.499948
13	13, 12, 10, 9	[1, 1, 1, 1, 0, 0, 1, 0, 0, 1, 0, 0, 0]	58.2923%	3000	0.5	1.0	0.499948
13	13, 12, 10, 9	[1, 1, 1, 1, 0, 0, 1, 0, 0, 1, 0, 0, 0]	58.6086%	4000	0.5	1.0	0.499948
13	13, 12, 10, 9	[1, 0, 1, 0, 0, 0, 0, 0, 0, 1, 0, 0, 0]	56.4301%	1000	0.5	1.0	0.500322
13	13, 12, 10, 9	[1, 0, 1, 0, 0, 0, 0, 0, 0, 1, 0, 0, 0]	57.4139%	2000	0.5	1.0	0.500322
13	13, 12, 10, 9	[1, 0, 1, 0, 0, 0, 0, 0, 0, 1, 0, 0, 0]	58.0112%	3000	0.5	1.0	0.500322
13	13, 12, 10, 9	[1, 0, 1, 0, 0, 0, 0, 0, 0, 1, 0, 0, 0]	58.6788%	4000	0.5	1.0	0.500322
13	13, 12, 10, 9	[1, 0, 1, 0, 0, 0, 0, 0, 0, 1, 0, 0, 0][0, 1, 1, 0, 1, 0, 0, 0, 1, 0, 0, 0, 0]	56.4301%	1000	0.5, 0.25	0.5	0.500322
13	13, 12, 10, 9	[1, 0, 1, 0, 0, 0, 0, 0, 0, 1, 0, 0, 0][0, 0, 0, 1, 0, 0, 0, 0, 0, 1, 1, 0, 0]	55.7273%	1000	0.5, 0.25	0.8, 0.2	0.500113
13	13, 12, 10, 9	[1, 0, 1, 0, 0, 0, 0, 0, 0, 1, 0, 0, 0]	54.7435%	1000	0.5, 0.25	0.5	0.539082
13	13, 12, 10, 9	[1, 0, 1, 0, 0, 0, 0, 0, 0, 1, 0, 0, 0]	55.8679%	1000	0.5, 0.25	0.8, 0.2	0.515617
13	13, 12, 10, 9	[1, 0, 1, 0, 0, 0, 0, 0, 0, 1, 0, 0, 0][0, 0, 1, 0, 0, 1, 1, 0, 0, 1, 1, 1, 0]	56.4301%	1000	0.5, 0.75	0.5	0.500322
13	13, 12, 10, 9	[1, 0, 1, 0, 0, 0, 0, 0, 0, 1, 0, 0, 0][0, 0, 0, 0, 1, 0, 1, 1, 0, 0, 1, 1, 1]	56.9220%	1000	0.5, 0.75	0.9, 0.1	0.523358
13	13, 12, 10, 9	[1, 0, 1, 0, 0, 0, 0, 0, 0, 1, 0, 0, 0]	55.7273%	1000	0.5, 0.75	0.5	0.612918
13	13, 12, 10, 9	[1, 0, 1, 0, 0, 0, 0, 0, 0, 1, 0, 0, 0]	56.8166%	1000	0.5, 0.75	0.9, 0.1	0.524496
13	13, 12, 10, 9	[1, 0, 1, 0, 0, 0, 0, 0, 0, 1, 0, 0, 0][0, 0, 1, 0, 0, 1, 0, 1, 0, 0, 1, 0, 1]	56.4301%	1000	0.5, 0.125	0.5	0.500322
13	13, 12, 10, 9	[1, 0, 1, 0, 0, 0, 0, 0, 0, 1, 0, 0, 0][0, 0, 0, 0, 0, 0, 1, 0, 1, 1, 1, 0, 1]	56.3949%	1000	0.5, 0.125	0.9, 0.1	0.478444
13	13, 12, 10, 9	[1, 0, 1, 0, 0, 0, 0, 0, 0, 1, 0, 0, 0]	54.0759%	1000	0.5, 0.125	0.5	0.328482
13	13, 12, 10, 9	[1, 0, 1, 0, 0, 0, 0, 0, 0, 1, 0, 0, 0]	56.2193%	1000	0.5, 0.125	0.9, 0.1	0.465687
13	13, 12, 10, 9	[1, 0, 0, 1, 1, 0, 0, 1, 0, 0, 1, 0, 0][1, 0, 1, 0, 0, 0, 0, 0, 0, 1, 0, 0, 0][0, 0, 0, 0, 1, 1, 1, 1, 1, 0, 1, 0, 1]	56.4301%	1000	0.25, 0.5, 0.75	0.3333333333333333	0.500322
13	13, 12, 10, 9	[1, 0, 0, 1, 0, 1, 0, 0, 1, 0, 1, 0, 0][1, 0, 1, 0, 0, 0, 0, 0, 0, 1, 0, 0, 0][0, 1, 1, 1, 0, 0, 0, 0, 0, 0, 0, 1, 1]	56.3598%	1000	0.25, 0.5, 0.75	0.1, 0.8, 0.1	0.529479
13	13, 12, 10, 9	[1, 0, 1, 0, 0, 0, 0, 0, 0, 1, 0, 0, 0]	54.3219%	1000	0.25, 0.5, 0.75	0.3333333333333333	0.602814
13	13, 12, 10, 9	[1, 0, 1, 0, 0, 0, 0, 0, 0, 1, 0, 0, 0]	56.5004%	1000	0.25, 0.5, 0.75	0.1, 0.8, 0.1	0.532116
13	13, 12, 10, 9	[0, 1, 0, 0, 0, 1, 1, 0, 1, 0, 0, 0, 0][1, 1, 1, 0, 1, 1, 0, 1, 0, 1, 0, 0, 1][1, 0, 1, 0, 0, 0, 0, 0, 0, 1, 0, 0, 0][1, 0, 0, 0, 1, 1, 0, 0, 0, 0, 0, 0, 1]	56.4301%	1000	0.125, 0.25, 0.5, 0.75	0.25	0.500322
13	13, 12, 10, 9	[0, 1, 0, 1, 0, 1, 1, 0, 1, 0, 0, 0, 0][0, 0, 1, 0, 0, 1, 1, 0, 0, 0, 0, 0, 1][1, 0, 1, 0, 0, 0, 0, 0, 0, 1, 0, 0, 0][1, 0, 1, 1, 1, 0, 0, 0, 0, 0, 1, 1, 1]	56.3949%	1000	0.125, 0.25, 0.5, 0.75	0.1, 0.1, 0.7, 0.1	0.493805
13	13, 12, 10, 9	[1, 0, 1, 0, 0, 0, 0, 0, 0, 1, 0, 0, 0]	53.1975%	1000	0.125, 0.25, 0.5, 0.75	0.25	0.492915
13	13, 12, 10, 9	[1, 0, 1, 0, 0, 0, 0, 0, 0, 1, 0, 0, 0]	56.5004%	1000	0.125, 0.25, 0.5, 0.75	0.1, 0.1, 0.7, 0.1	0.495426
13	13, 12, 10, 9	[1, 0, 1, 0, 0, 0, 0, 0, 0, 1, 0, 0, 0][0, 1, 0, 0, 1, 0, 1, 1, 1, 0, 0, 1, 0]	56.4301%	2000	0.5, 0.25	0.5	0.500322
13	13, 12, 10, 9	[1, 0, 1, 0, 0, 0, 0, 0, 0, 1, 0, 0, 0][0, 1, 0, 1, 1, 1, 0, 1, 1, 0, 1, 1, 1]	57.6950%	2000	0.5, 0.25	0.8, 0.2	0.487189
13	13, 12, 10, 9	[1, 0, 1, 0, 0, 0, 0, 0, 0, 1, 0, 0, 0]	56.8869%	2000	0.5, 0.25	0.5	0.538777
13	13, 12, 10, 9	[1, 0, 1, 0, 0, 0, 0, 0, 0, 1, 0, 0, 0]	57.4139%	2000	0.5, 0.25	0.8, 0.2	0.515671
13	13, 12, 10, 9	[1, 0, 1, 0, 0, 0, 0, 0, 0, 1, 0, 0, 0][1, 0, 1, 1, 0, 0, 1, 1, 1, 1, 0, 0, 1]	56.4301%	2000	0.5, 0.75	0.5	0.500322
13	13, 12, 10, 9	[1, 0, 1, 0, 0, 0, 0, 0, 0, 1, 0, 0, 0][1, 1, 1, 1, 0, 1, 0, 1, 1, 1, 0, 0, 1]	57.8004%	2000	0.5, 0.75	0.9, 0.1	0.523278
13	13, 12, 10, 9	[1, 0, 1, 0, 0, 0, 0, 0, 0, 1, 0, 0, 0]	57.7653%	2000	0.5, 0.75	0.5	0.618764
13	13, 12, 10, 9	[1, 0, 1, 0, 0, 0, 0, 0, 0, 1, 0, 0, 0]	57.7653%	2000	0.5, 0.75	0.9, 0.1	0.523465
13	13, 12, 10, 9	[1, 0, 1, 0, 0, 0, 0, 0, 0, 1, 0, 0, 0][1, 1, 0, 0, 0, 0, 0, 1, 0, 1, 0, 1, 1]	56.4301%	2000	0.5, 0.125	0.5	0.500322
13	13, 12, 10, 9	[1, 0, 1, 0, 0, 0, 0, 0, 0, 1, 0, 0, 0][0, 1, 0, 0, 1, 1, 1, 1, 1, 1, 0, 0, 1]	57.3085%	2000	0.5, 0.125	0.9, 0.1	0.465258
13	13, 12, 10, 9	[1, 0, 1, 0, 0, 0, 0, 0, 0, 1, 0, 0, 0]	56.4301%	2000	0.5, 0.125	0.5	0.327906
13	13, 12, 10, 9	[1, 0, 1, 0, 0, 0, 0, 0, 0, 1, 0, 0, 0]	57.3085%	2000	0.5, 0.125	0.9, 0.1	0.465206
13	13, 12, 10, 9	[0, 1, 0, 1, 1, 1, 0, 0, 0, 1, 1, 0, 0][1, 0, 1, 0, 0, 0, 0, 0, 0, 1, 0, 0, 0][0, 0, 1, 1, 1, 0, 0, 0, 0, 1, 0, 1, 1]	56.4301%	2000	0.25, 0.5, 0.75	0.3333333333333333	0.500322
13	13, 12, 10, 9	[1, 1, 1, 0, 0, 1, 1, 0, 1, 0, 1, 0, 0][1, 0, 1, 0, 0, 0, 0, 0, 0, 1, 0, 0, 0][1, 0, 1, 1, 1, 0, 0, 1, 1, 0, 1, 1, 0]	58.4329%	2000	0.25, 0.5, 0.75	0.1, 0.8, 0.1	0.530901
13	13, 12, 10, 9	[1, 0, 1, 0, 0, 0, 0, 0, 0, 1, 0, 0, 0]	56.7814%	2000	0.25, 0.5, 0.75	0.3333333333333333	0.604294
13	13, 12, 10, 9	[1, 0, 1, 0, 0, 0, 0, 0, 0, 1, 0, 0, 0]	58.0112%	2000	0.25, 0.5, 0.75	0.1, 0.8, 0.1	0.531508
13	13, 12, 10, 9	[0, 0, 0, 0, 1, 0, 1, 1, 1, 1, 0, 0, 0][1, 0, 0, 0, 1, 0, 1, 0, 1, 1, 0, 0, 1][1, 0, 1, 0, 0, 0, 0, 0, 0, 1, 0, 0, 0][0, 1, 0, 0, 0, 0, 1, 0, 1, 1, 1, 0, 0]	58.8545%	2000	0.125, 0.25, 0.5, 0.75	0.25	0.522863
13	13, 12, 10, 9	[1, 1, 1, 0, 1, 1, 0, 1, 0, 0, 0, 1, 0][1, 1, 1, 1, 1, 0, 0, 1, 0, 0, 1, 0, 0][1, 0, 1, 0, 0, 0, 0, 0, 0, 1, 0, 0, 0][1, 1, 0, 1, 0, 1, 1, 0, 1, 1, 0, 1, 0]	57.9761%	2000	0.125, 0.25, 0.5, 0.75	0.1, 0.1, 0.7, 0.1	0.496504
13	13, 12, 10, 9	[1, 0, 1, 0, 0, 0, 0, 0, 0, 1, 0, 0, 0]	55.9382%	2000	0.125, 0.25, 0.5, 0.75	0.25	0.492474
13	13, 12, 10, 9	[1, 0, 1, 0, 0, 0, 0, 0, 0, 1, 0, 0, 0]	58.0815%	2000	0.125, 0.25, 0.5, 0.75	0.1, 0.1, 0.7, 0.1	0.496537
13	13, 12, 10, 9	[1, 0, 1, 0, 0, 0, 0, 0, 0, 1, 0, 0, 0][1, 0, 0, 0, 0, 1, 0, 0, 0, 1, 0, 1, 1]	58.8545%	3000	0.5, 0.25	0.5	0.522863
13	13, 12, 10, 9	[1, 0, 1, 0, 0, 0, 0, 0, 0, 1, 0, 0, 0][1, 1, 0, 0, 1, 1, 0, 0, 0, 0, 0, 1, 1]	57.8707%	3000	0.5, 0.25	0.8, 0.2	0.514916
13	13, 12, 10, 9	[1, 0, 1, 0, 0, 0, 0, 0, 0, 1, 0, 0, 0]	57.3788%	3000	0.5, 0.25	0.5	0.537925
13	13, 12, 10, 9	[1, 0, 1, 0, 0, 0, 0, 0, 0, 1, 0, 0, 0]	57.8707%	3000	0.5, 0.25	0.8, 0.2	0.514975
13	13, 12, 10, 9	[1, 0, 1, 0, 0, 0, 0, 0, 0, 1, 0, 0, 0][1, 0, 0, 1, 0, 1, 1, 1, 0, 0, 0, 0, 0]	58.8545%	3000	0.5, 0.75	0.5	0.522863
13	13, 12, 10, 9	[1, 0, 1, 0, 0, 0, 0, 0, 0, 1, 0, 0, 0][0, 0, 0, 0, 0, 0, 0, 0, 0, 1, 0, 1, 1]	58.8545%	3000	0.5, 0.75	0.9, 0.1	0.523568
13	13, 12, 10, 9	[1, 0, 1, 0, 0, 0, 0, 0, 0, 1, 0, 0, 0]	58.1167%	3000	0.5, 0.75	0.5	0.617035
13	13, 12, 10, 9	[1, 0, 1, 0, 0, 0, 0, 0, 0, 1, 0, 0, 0]	58.6788%	3000	0.5, 0.75	0.9, 0.1	0.524663
13	13, 12, 10, 9	[1, 0, 1, 0, 0, 0, 0, 0, 0, 1, 0, 0, 0][0, 1, 1, 0, 1, 0, 1, 0, 0, 0, 1, 1, 1]	59.0302%	3000	0.5, 0.125	0.5	0.523517
13	13, 12, 10, 9	[1, 0, 1, 0, 0, 0, 0, 0, 0, 1, 0, 0, 0][1, 0, 1, 1, 0, 1, 1, 0, 0, 0, 0, 1, 1]	58.1167%	3000	0.5, 0.125	0.9, 0.1	0.478780
13	13, 12, 10, 9	[1, 0, 1, 0, 0, 0, 0, 0, 0, 1, 0, 0, 0]	57.0625%	3000	0.5, 0.125	0.5	0.327131
13	13, 12, 10, 9	[1, 0, 1, 0, 0, 0, 0, 0, 0, 1, 0, 0, 0]	57.9410%	3000	0.5, 0.125	0.9, 0.1	0.466013
13	13, 12, 10, 9	[1, 1, 1, 0, 0, 0, 0, 1, 0, 0, 1, 1, 0][1, 0, 1, 0, 0, 0, 0, 0, 0, 1, 0, 0, 0][0, 1, 0, 1, 1, 0, 1, 1, 1, 1, 1, 1, 1]	59.0302%	3000	0.25, 0.5, 0.75	0.3333333333333333	0.523517
13	13, 12, 10, 9	[0, 1, 1, 0, 1, 1, 0, 0, 0, 1, 1, 1, 1][1, 0, 1, 0, 0, 0, 0, 0, 0, 1, 0, 0, 0][1, 1, 1, 1, 0, 1, 1, 1, 0, 1, 1, 0, 1]	58.7140%	3000	0.25, 0.5, 0.75	0.1, 0.8, 0.1	0.523125
13	13, 12, 10, 9	[1, 0, 1, 0, 0, 0, 0, 0, 0, 1, 0, 0, 0]	57.5545%	3000	0.25, 0.5, 0.75	0.3333333333333333	0.604559
13	13, 12, 10, 9	[1, 0, 1, 0, 0, 0, 0, 0, 0, 1, 0, 0, 0]	58.5032%	3000	0.25, 0.5, 0.75	0.1, 0.8, 0.1	0.530094
13	13, 12, 10, 9	[1, 1, 1, 1, 1, 0, 1, 0, 1, 0, 0, 1, 0][1, 1, 0, 1, 1, 0, 1, 0, 1, 1, 0, 1, 0][1, 0, 1, 0, 0, 0, 0, 0, 0, 1, 0, 0, 0][0, 0, 1, 0, 1, 0, 0, 0, 0, 0, 1, 1, 1]	59.3816%	3000	0.125, 0.25, 0.5, 0.75	0.25	0.531379
13	13, 12, 10, 9	[1, 0, 0, 0, 0, 1, 0, 1, 1, 0, 1, 0, 1][0, 0, 0, 0, 1, 1, 1, 1, 1, 0, 0, 1, 0][1, 0, 1, 0, 0, 0, 0, 0, 0, 1, 0, 0, 0][1, 1, 0, 0, 0, 0, 1, 0, 1, 0, 1, 1, 0]	59.0654%	3000	0.125, 0.25, 0.5, 0.75	0.1, 0.1, 0.7, 0.1	0.488675
13	13, 12, 10, 9	[1, 0, 1, 0, 0, 0, 0, 0, 0, 1, 0, 0, 0]	56.7814%	3000	0.125, 0.25, 0.5, 0.75	0.25	0.491421
13	13, 12, 10, 9	[1, 0, 1, 0, 0, 0, 0, 0, 0, 1, 0, 0, 0]	58.6086%	3000	0.125, 0.25, 0.5, 0.75	0.1, 0.1, 0.7, 0.1	0.495690
13	13, 12, 10, 9	[1, 0, 1, 0, 0, 0, 0, 0, 0, 1, 0, 0, 0][1, 0, 1, 0, 0, 0, 0, 0, 0, 1, 1, 0, 1]	59.3816%	4000	0.5, 0.25	0.5	0.531379
13	13, 12, 10, 9	[1, 0, 1, 0, 0, 0, 0, 0, 0, 1, 0, 0, 0][0, 0, 1, 1, 1, 0, 1, 0, 1, 1, 0, 1, 0]	58.7843%	4000	0.5, 0.25	0.8, 0.2	0.499844
13	13, 12, 10, 9	[1, 0, 1, 0, 0, 0, 0, 0, 0, 1, 0, 0, 0]	57.7301%	4000	0.5, 0.25	0.5	0.537872
13	13, 12, 10, 9	[1, 0, 1, 0, 0, 0, 0, 0, 0, 1, 0, 0, 0]	58.6788%	4000	0.5, 0.25	0.8, 0.2	0.515039
13	13, 12, 10, 9	[1, 0, 1, 0, 0, 0, 0, 0, 0, 1, 0, 0, 0][1, 0, 1, 1, 0, 1, 1, 1, 0, 1, 1, 1, 1]	59.3816%	4000	0.5, 0.75	0.5	0.531379
13	13, 12, 10, 9	[1, 0, 1, 0, 0, 0, 0, 0, 0, 1, 0, 0, 0][0, 1, 0, 1, 0, 0, 0, 1, 0, 0, 1, 0, 1]	59.2059%	4000	0.5, 0.75	0.9, 0.1	0.524106
13	13, 12, 10, 9	[1, 0, 1, 0, 0, 0, 0, 0, 0, 1, 0, 0, 0]	58.5734%	4000	0.5, 0.75	0.5	0.616389
13	13, 12, 10, 9	[1, 0, 1, 0, 0, 0, 0, 0, 0, 1, 0, 0, 0]	59.2059%	4000	0.5, 0.75	0.9, 0.1	0.523243
13	13, 12, 10, 9	[1, 0, 1, 0, 0, 0, 0, 0, 0, 1, 0, 0, 0][0, 1, 1, 0, 1, 1, 1, 1, 0, 1, 1, 0, 0]	59.4519%	4000	0.5, 0.125	0.5	0.523540
13	13, 12, 10, 9	[1, 0, 1, 0, 0, 0, 0, 0, 0, 1, 0, 0, 0][1, 1, 1, 1, 0, 0, 1, 0, 0, 1, 0, 1, 1]	58.6788%	4000	0.5, 0.125	0.9, 0.1	0.477872
13	13, 12, 10, 9	[1, 0, 1, 0, 0, 0, 0, 0, 0, 1, 0, 0, 0]	57.4139%	4000	0.5, 0.125	0.5	0.327046
13	13, 12, 10, 9	[1, 0, 1, 0, 0, 0, 0, 0, 0, 1, 0, 0, 0]	58.5032%	4000	0.5, 0.125	0.9, 0.1	0.465093
13	13, 12, 10, 9	[0, 1, 0, 0, 1, 0, 0, 0, 1, 1, 1, 1, 1][1, 0, 1, 0, 0, 0, 0, 0, 0, 1, 0, 0, 0][0, 0, 0, 0, 0, 1, 1, 0, 1, 1, 0, 0, 0]	59.6275%	4000	0.25, 0.5, 0.75	0.3333333333333333	0.582218
13	13, 12, 10, 9	[1, 1, 0, 1, 0, 1, 0, 0, 0, 0, 0, 0, 1][1, 0, 1, 0, 0, 0, 0, 0, 0, 1, 0, 0, 0][1, 0, 0, 0, 0, 1, 0, 1, 1, 1, 0, 0, 0]	59.7681%	4000	0.25, 0.5, 0.75	0.1, 0.8, 0.1	0.524260
13	13, 12, 10, 9	[1, 0, 1, 0, 0, 0, 0, 0, 0, 1, 0, 0, 0]	59.2059%	4000	0.25, 0.5, 0.75	0.3333333333333333	0.603234
13	13, 12, 10, 9	[1, 0, 1, 0, 0, 0, 0, 0, 0, 1, 0, 0, 0]	59.5573%	4000	0.25, 0.5, 0.75	0.1, 0.8, 0.1	0.530868
13	13, 12, 10, 9	[1, 1, 0, 1, 0, 1, 1, 1, 0, 0, 1, 1, 1][0, 0, 0, 1, 0, 1, 1, 0, 1, 0, 1, 0, 0][1, 0, 1, 0, 0, 0, 0, 0, 0, 1, 0, 0, 0][1, 0, 1, 0, 1, 0, 1, 1, 0, 0, 0, 0, 0]	59.7681%	4000	0.125, 0.25, 0.5, 0.75	0.25	0.530488
13	13, 12, 10, 9	[1, 0, 0, 1, 0, 1, 1, 1, 1, 0, 0, 0, 0][1, 0, 1, 1, 1, 1, 0, 1, 0, 0, 1, 0, 1][1, 0, 1, 0, 0, 0, 0, 0, 0, 1, 0, 0, 0][1, 0, 1, 1, 0, 1, 1, 1, 0, 1, 1, 0, 0]	58.9951%	4000	0.125, 0.25, 0.5, 0.75	0.1, 0.1, 0.7, 0.1	0.490784
13	13, 12, 10, 9	[1, 0, 1, 0, 0, 0, 0, 0, 0, 1, 0, 0, 0]	58.1518%	4000	0.125, 0.25, 0.5, 0.75	0.25	0.491240
13	13, 12, 10, 9	[1, 0, 1, 0, 0, 0, 0, 0, 0, 1, 0, 0, 0]	59.1005%	4000	0.125, 0.25, 0.5, 0.75	0.1, 0.1, 0.7, 0.1	0.497111
15	15, 14, 13, 11	[1, 0, 1, 1, 1, 1, 0, 1, 1, 0, 0, 1, 0, 0, 1]	62.3331%	1000	0.5	1.0	0.501183
15	15, 14, 13, 11	[1, 0, 1, 1, 1, 1, 0, 1, 1, 0, 0, 1, 0, 0, 1]	64.7576%	2000	0.5	1.0	0.501183
15	15, 14, 13, 11	[1, 0, 1, 1, 1, 1, 0, 1, 1, 0, 0, 1, 0, 0, 1]	66.3387%	3000	0.5	1.0	0.501183
15	15, 14, 13, 11	[1, 0, 1, 1, 1, 1, 0, 1, 1, 0, 0, 1, 0, 0, 1]	66.8658%	4000	0.5	1.0	0.501183
15	15, 14, 13, 11	[1, 1, 0, 1, 1, 1, 0, 0, 0, 1, 1, 1, 0, 1, 0]	64.3008%	1000	0.5	1.0	0.499012
15	15, 14, 13, 11	[1, 1, 0, 1, 1, 1, 0, 0, 0, 1, 1, 1, 0, 1, 0]	65.5306%	2000	0.5	1.0	0.499012
15	15, 14, 13, 11	[1, 1, 0, 1, 1, 1, 0, 0, 0, 1, 1, 1, 0, 1, 0]	66.4090%	3000	0.5	1.0	0.499012
15	15, 14, 13, 11	[1, 1, 0, 1, 1, 1, 0, 0, 0, 1, 1, 1, 0, 1, 0]	66.9009%	4000	0.5	1.0	0.499012
15	15, 14, 13, 11	[1, 1, 1, 0, 1, 0, 1, 1, 0, 1, 1, 0, 0, 0, 0]	62.7547%	1000	0.5	1.0	0.500389
15	15, 14, 13, 11	[1, 1, 1, 0, 1, 0, 1, 1, 0, 1, 1, 0, 0, 0, 0]	64.5819%	2000	0.5	1.0	0.500389
15	15, 14, 13, 11	[1, 1, 1, 0, 1, 0, 1, 1, 0, 1, 1, 0, 0, 0, 0]	66.3387%	3000	0.5	1.0	0.500389
15	15, 14, 13, 11	[1, 1, 1, 0, 1, 0, 1, 1, 0, 1, 1, 0, 0, 0, 0]	66.8306%	4000	0.5	1.0	0.500389
15	15, 14, 13, 11	[0, 1, 0, 1, 1, 1, 0, 0, 1, 1, 1, 1, 1, 0, 0]	63.9494%	1000	0.5	1.0	0.499662
15	15, 14, 13, 11	[0, 1, 0, 1, 1, 1, 0, 0, 1, 1, 1, 1, 1, 0, 0]	66.4090%	2000	0.5	1.0	0.499662
15	15, 14, 13, 11	[0, 1, 0, 1, 1, 1, 0, 0, 1, 1, 1, 1, 1, 0, 0]	68.0956%	3000	0.5	1.0	0.499662
15	15, 14, 13, 11	[0, 1, 0, 1, 1, 1, 0, 0, 1, 1, 1, 1, 1, 0, 0]	68.6929%	4000	0.5	1.0	0.499662
15	15, 14, 13, 11	[0, 1, 0, 1, 1, 1, 0, 0, 1, 1, 1, 1, 1, 0, 0][0, 1, 0, 0, 1, 0, 0, 1, 0, 0, 1, 1, 0, 1, 0]	63.9494%	1000	0.5, 0.25	0.5	0.499662
15	15, 14, 13, 11	[0, 1, 0, 1, 1, 1, 0, 0, 1, 1, 1, 1, 1, 0, 0][1, 0, 1, 1, 1, 0, 0, 0, 0, 1, 1, 1, 1, 0, 0]	62.7196%	1000	0.5, 0.25	0.8, 0.2	0.501467
15	15, 14, 13, 11	[0, 1, 0, 1, 1, 1, 0, 0, 1, 1, 1, 1, 1, 0, 0]	62.2980%	1000	0.5, 0.25	0.5	0.512774
15	15, 14, 13, 11	[0, 1, 0, 1, 1, 1, 0, 0, 1, 1, 1, 1, 1, 0, 0]	62.5088%	1000	0.5, 0.25	0.8, 0.2	0.504264
15	15, 14, 13, 11	[0, 1, 0, 1, 1, 1, 0, 0, 1, 1, 1, 1, 1, 0, 0][1, 0, 0, 0, 0, 1, 1, 0, 1, 0, 1, 0, 1, 1, 1]	63.9494%	1000	0.5, 0.75	0.5	0.499662
15	15, 14, 13, 11	[0, 1, 0, 1, 1, 1, 0, 0, 1, 1, 1, 1, 1, 0, 0][1, 0, 1, 1, 0, 1, 1, 0, 1, 1, 1, 1, 1, 1, 1]	64.1251%	1000	0.5, 0.75	0.9, 0.1	0.523312
15	15, 14, 13, 11	[0, 1, 0, 1, 1, 1, 0, 0, 1, 1, 1, 1, 1, 0, 0]	59.5924%	1000	0.5, 0.75	0.5	0.567562
15	15, 14, 13, 11	[0, 1, 0, 1, 1, 1, 0, 0, 1, 1, 1, 1, 1, 0, 0]	63.8440%	1000	0.5, 0.75	0.9, 0.1	0.522872
15	15, 14, 13, 11	[0, 1, 0, 1, 1, 1, 0, 0, 1, 1, 1, 1, 1, 0, 0][1, 0, 0, 0, 0, 1, 0, 1, 0, 0, 0, 1, 1, 0, 0]	63.9494%	1000	0.5, 0.125	0.5	0.499662
15	15, 14, 13, 11	[0, 1, 0, 1, 1, 1, 0, 0, 1, 1, 1, 1, 1, 0, 0][1, 0, 0, 0, 0, 0, 1, 1, 1, 0, 1, 0, 1, 0, 0]	63.2467%	1000	0.5, 0.125	0.9, 0.1	0.466079
15	15, 14, 13, 11	[0, 1, 0, 1, 1, 1, 0, 0, 1, 1, 1, 1, 1, 0, 0]	59.5573%	1000	0.5, 0.125	0.5	0.346014
15	15, 14, 13, 11	[0, 1, 0, 1, 1, 1, 0, 0, 1, 1, 1, 1, 1, 0, 0]	63.2467%	1000	0.5, 0.125	0.9, 0.1	0.466057
15	15, 14, 13, 11	[0, 1, 1, 0, 1, 1, 1, 0, 1, 0, 0, 1, 1, 0, 1][0, 1, 0, 1, 1, 1, 0, 0, 1, 1, 1, 1, 1, 0, 0][1, 0, 1, 1, 0, 0, 1, 0, 1, 0, 1, 1, 0, 1, 0]	63.9494%	1000	0.25, 0.5, 0.75	0.3333333333333333	0.499662
15	15, 14, 13, 11	[1, 0, 1, 0, 1, 0, 1, 1, 0, 0, 0, 0, 0, 0, 0][0, 1, 0, 1, 1, 1, 0, 0, 1, 1, 1, 1, 1, 0, 0][0, 0, 1, 1, 1, 0, 0, 1, 0, 1, 1, 0, 0, 1, 1]	62.8953%	1000	0.25, 0.5, 0.75	0.1, 0.8, 0.1	0.525284
15	15, 14, 13, 11	[0, 1, 0, 1, 1, 1, 0, 0, 1, 1, 1, 1, 1, 0, 0]	61.2439%	1000	0.25, 0.5, 0.75	0.3333333333333333	0.558914
15	15, 14, 13, 11	[0, 1, 0, 1, 1, 1, 0, 0, 1, 1, 1, 1, 1, 0, 0]	62.5088%	1000	0.25, 0.5, 0.75	0.1, 0.8, 0.1	0.523729
15	15, 14, 13, 11	[0, 0, 0, 1, 1, 0, 1, 1, 0, 0, 1, 0, 1, 1, 0][0, 1, 0, 1, 1, 0, 0, 1, 0, 1, 0, 1, 0, 0, 0][0, 1, 0, 1, 1, 1, 0, 0, 1, 1, 1, 1, 1, 0, 0][0, 0, 1, 0, 1, 0, 1, 1, 0, 0, 1, 0, 0, 1, 1]	63.9494%	1000	0.125, 0.25, 0.5, 0.75	0.25	0.499662
15	15, 14, 13, 11	[1, 1, 0, 0, 0, 1, 0, 1, 0, 0, 1, 0, 0, 1, 1][0, 1, 0, 1, 0, 0, 1, 0, 0, 1, 1, 1, 1, 1, 1][0, 1, 0, 1, 1, 1, 0, 0, 1, 1, 1, 1, 1, 0, 0][1, 0, 0, 1, 0, 1, 0, 0, 0, 0, 0, 1, 1, 0, 1]	61.3844%	1000	0.125, 0.25, 0.5, 0.75	0.1, 0.1, 0.7, 0.1	0.495187
15	15, 14, 13, 11	[0, 1, 0, 1, 1, 1, 0, 0, 1, 1, 1, 1, 1, 0, 0]	59.4167%	1000	0.125, 0.25, 0.5, 0.75	0.25	0.499791
15	15, 14, 13, 11	[0, 1, 0, 1, 1, 1, 0, 0, 1, 1, 1, 1, 1, 0, 0]	62.1574%	1000	0.125, 0.25, 0.5, 0.75	0.1, 0.1, 0.7, 0.1	0.498830
15	15, 14, 13, 11	[0, 1, 0, 1, 1, 1, 0, 0, 1, 1, 1, 1, 1, 0, 0][1, 0, 1, 0, 0, 1, 0, 0, 0, 0, 0, 1, 1, 1, 0]	63.9494%	2000	0.5, 0.25	0.5	0.499662
15	15, 14, 13, 11	[0, 1, 0, 1, 1, 1, 0, 0, 1, 1, 1, 1, 1, 0, 0][0, 0, 0, 1, 0, 1, 0, 0, 0, 0, 1, 1, 0, 0, 1]	66.3036%	2000	0.5, 0.25	0.8, 0.2	0.505424
15	15, 14, 13, 11	[0, 1, 0, 1, 1, 1, 0, 0, 1, 1, 1, 1, 1, 0, 0]	65.2846%	2000	0.5, 0.25	0.5	0.516474
15	15, 14, 13, 11	[0, 1, 0, 1, 1, 1, 0, 0, 1, 1, 1, 1, 1, 0, 0]	66.1630%	2000	0.5, 0.25	0.8, 0.2	0.505603
15	15, 14, 13, 11	[0, 1, 0, 1, 1, 1, 0, 0, 1, 1, 1, 1, 1, 0, 0][1, 0, 1, 1, 0, 1, 0, 0, 1, 1, 1, 1, 1, 1, 1]	63.9494%	2000	0.5, 0.75	0.5	0.499662
15	15, 14, 13, 11	[0, 1, 0, 1, 1, 1, 0, 0, 1, 1, 1, 1, 1, 0, 0][1, 0, 0, 1, 1, 0, 1, 0, 0, 1, 0, 1, 1, 0, 0]	66.4793%	2000	0.5, 0.75	0.9, 0.1	0.526784
15	15, 14, 13, 11	[0, 1, 0, 1, 1, 1, 0, 0, 1, 1, 1, 1, 1, 0, 0]	64.9684%	2000	0.5, 0.75	0.5	0.614165
15	15, 14, 13, 11	[0, 1, 0, 1, 1, 1, 0, 0, 1, 1, 1, 1, 1, 0, 0]	66.5847%	2000	0.5, 0.75	0.9, 0.1	0.525806
15	15, 14, 13, 11	[0, 1, 0, 1, 1, 1, 0, 0, 1, 1, 1, 1, 1, 0, 0][1, 1, 0, 1, 1, 1, 1, 0, 0, 0, 1, 1, 1, 0, 0]	63.9494%	2000	0.5, 0.125	0.5	0.499662
15	15, 14, 13, 11	[0, 1, 0, 1, 1, 1, 0, 0, 1, 1, 1, 1, 1, 0, 0][1, 1, 0, 0, 0, 1, 0, 1, 1, 1, 0, 0, 1, 0, 1]	66.1630%	2000	0.5, 0.125	0.9, 0.1	0.469568
15	15, 14, 13, 11	[0, 1, 0, 1, 1, 1, 0, 0, 1, 1, 1, 1, 1, 0, 0]	63.9845%	2000	0.5, 0.125	0.5	0.348438
15	15, 14, 13, 11	[0, 1, 0, 1, 1, 1, 0, 0, 1, 1, 1, 1, 1, 0, 0]	66.1630%	2000	0.5, 0.125	0.9, 0.1	0.469581
15	15, 14, 13, 11	[0, 0, 1, 1, 1, 1, 1, 1, 1, 1, 0, 1, 1, 1, 0][0, 1, 0, 1, 1, 1, 0, 0, 1, 1, 1, 1, 1, 0, 0][1, 0, 1, 1, 0, 1, 0, 0, 1, 0, 1, 1, 0, 1, 0]	63.9494%	2000	0.25, 0.5, 0.75	0.3333333333333333	0.499662
15	15, 14, 13, 11	[0, 0, 1, 1, 0, 0, 0, 0, 0, 0, 1, 0, 0, 0, 1][0, 1, 0, 1, 1, 1, 0, 0, 1, 1, 1, 1, 1, 0, 0][0, 0, 0, 1, 1, 0, 1, 0, 1, 1, 0, 1, 1, 0, 0]	64.6873%	2000	0.25, 0.5, 0.75	0.1, 0.8, 0.1	0.519364
15	15, 14, 13, 11	[0, 1, 0, 1, 1, 1, 0, 0, 1, 1, 1, 1, 1, 0, 0]	64.6521%	2000	0.25, 0.5, 0.75	0.3333333333333333	0.598717
15	15, 14, 13, 11	[0, 1, 0, 1, 1, 1, 0, 0, 1, 1, 1, 1, 1, 0, 0]	64.9332%	2000	0.25, 0.5, 0.75	0.1, 0.8, 0.1	0.529410
15	15, 14, 13, 11	[0, 0, 0, 0, 0, 0, 0, 0, 1, 0, 1, 1, 1, 1, 1][1, 0, 1, 0, 1, 1, 0, 1, 1, 1, 0, 0, 1, 0, 0][0, 1, 0, 1, 1, 1, 0, 0, 1, 1, 1, 1, 1, 0, 0][0, 1, 0, 0, 0, 0, 0, 0, 1, 0, 0, 1, 1, 1, 0]	63.9494%	2000	0.125, 0.25, 0.5, 0.75	0.25	0.499662
15	15, 14, 13, 11	[0, 1, 1, 0, 1, 1, 1, 1, 1, 1, 0, 1, 1, 0, 1][0, 1, 0, 1, 1, 0, 0, 1, 0, 1, 1, 0, 0, 1, 0][0, 1, 0, 1, 1, 1, 0, 0, 1, 1, 1, 1, 1, 0, 0][0, 1, 1, 0, 0, 0, 1, 0, 0, 1, 1, 1, 0, 0, 1]	64.1251%	2000	0.125, 0.25, 0.5, 0.75	0.1, 0.1, 0.7, 0.1	0.499007
15	15, 14, 13, 11	[0, 1, 0, 1, 1, 1, 0, 0, 1, 1, 1, 1, 1, 0, 0]	62.8250%	2000	0.125, 0.25, 0.5, 0.75	0.25	0.469222
15	15, 14, 13, 11	[0, 1, 0, 1, 1, 1, 0, 0, 1, 1, 1, 1, 1, 0, 0]	64.5116%	2000	0.125, 0.25, 0.5, 0.75	0.1, 0.1, 0.7, 0.1	0.500015
15	15, 14, 13, 11	[0, 1, 0, 1, 1, 1, 0, 0, 1, 1, 1, 1, 1, 0, 0][0, 0, 0, 0, 0, 1, 1, 0, 1, 1, 1, 1, 0, 1, 0]	63.9494%	3000	0.5, 0.25	0.5	0.499662
15	15, 14, 13, 11	[0, 1, 0, 1, 1, 1, 0, 0, 1, 1, 1, 1, 1, 0, 0][1, 1, 1, 0, 0, 0, 0, 1, 0, 1, 1, 1, 1, 1, 0]	67.8145%	3000	0.5, 0.25	0.8, 0.2	0.507078
15	15, 14, 13, 11	[0, 1, 0, 1, 1, 1, 0, 0, 1, 1, 1, 1, 1, 0, 0]	67.6037%	3000	0.5, 0.25	0.5	0.516237
15	15, 14, 13, 11	[0, 1, 0, 1, 1, 1, 0, 0, 1, 1, 1, 1, 1, 0, 0]	67.4982%	3000	0.5, 0.25	0.8, 0.2	0.507052
15	15, 14, 13, 11	[0, 1, 0, 1, 1, 1, 0, 0, 1, 1, 1, 1, 1, 0, 0][1, 1, 0, 0, 1, 0, 0, 0, 0, 1, 1, 1, 1, 1, 1]	63.9494%	3000	0.5, 0.75	0.5	0.499662
15	15, 14, 13, 11	[0, 1, 0, 1, 1, 1, 0, 0, 1, 1, 1, 1, 1, 0, 0][0, 1, 0, 0, 1, 1, 0, 0, 0, 1, 1, 1, 0, 1, 1]	67.8848%	3000	0.5, 0.75	0.9, 0.1	0.526147
15	15, 14, 13, 11	[0, 1, 0, 1, 1, 1, 0, 0, 1, 1, 1, 1, 1, 0, 0]	65.8819%	3000	0.5, 0.75	0.5	0.568814
15	15, 14, 13, 11	[0, 1, 0, 1, 1, 1, 0, 0, 1, 1, 1, 1, 1, 0, 0]	67.7091%	3000	0.5, 0.75	0.9, 0.1	0.526207
15	15, 14, 13, 11	[0, 1, 0, 1, 1, 1, 0, 0, 1, 1, 1, 1, 1, 0, 0][1, 0, 0, 0, 0, 1, 1, 0, 1, 1, 1, 1, 1, 0, 1]	63.9494%	3000	0.5, 0.125	0.5	0.499662
15	15, 14, 13, 11	[0, 1, 0, 1, 1, 1, 0, 0, 1, 1, 1, 1, 1, 0, 0][0, 0, 0, 0, 0, 1, 0, 1, 0, 0, 0, 0, 0, 0, 1]	67.7091%	3000	0.5, 0.125	0.9, 0.1	0.470104
15	15, 14, 13, 11	[0, 1, 0, 1, 1, 1, 0, 0, 1, 1, 1, 1, 1, 0, 0]	65.7063%	3000	0.5, 0.125	0.5	0.348913
15	15, 14, 13, 11	[0, 1, 0, 1, 1, 1, 0, 0, 1, 1, 1, 1, 1, 0, 0]	67.7091%	3000	0.5, 0.125	0.9, 0.1	0.470073
15	15, 14, 13, 11	[1, 1, 1, 1, 1, 0, 1, 1, 1, 1, 1, 0, 0, 0, 0][0, 1, 0, 1, 1, 1, 0, 0, 1, 1, 1, 1, 1, 0, 0][1, 0, 1, 0, 1, 0, 1, 0, 0, 1, 0, 1, 0, 1, 0]	63.9494%	3000	0.25, 0.5, 0.75	0.3333333333333333	0.499662
15	15, 14, 13, 11	[1, 1, 1, 1, 0, 0, 1, 1, 0, 1, 0, 1, 0, 1, 0][0, 1, 0, 1, 1, 1, 0, 0, 1, 1, 1, 1, 1, 0, 0][0, 0, 0, 0, 0, 1, 1, 0, 0, 0, 0, 1, 1, 0, 1]	67.3928%	3000	0.25, 0.5, 0.75	0.1, 0.8, 0.1	0.531018
15	15, 14, 13, 11	[0, 1, 0, 1, 1, 1, 0, 0, 1, 1, 1, 1, 1, 0, 0]	65.4603%	3000	0.25, 0.5, 0.75	0.3333333333333333	0.579391
15	15, 14, 13, 11	[0, 1, 0, 1, 1, 1, 0, 0, 1, 1, 1, 1, 1, 0, 0]	67.6037%	3000	0.25, 0.5, 0.75	0.1, 0.8, 0.1	0.524956
15	15, 14, 13, 11	[0, 0, 1, 1, 0, 1, 0, 0, 0, 1, 0, 0, 1, 1, 1][1, 1, 0, 1, 1, 1, 0, 0, 1, 1, 1, 1, 0, 1, 0][0, 1, 0, 1, 1, 1, 0, 0, 1, 1, 1, 1, 1, 0, 0][0, 0, 1, 0, 1, 0, 0, 1, 1, 1, 0, 0, 1, 1, 0]	63.9494%	3000	0.125, 0.25, 0.5, 0.75	0.25	0.499662
15	15, 14, 13, 11	[1, 1, 0, 0, 0, 1, 1, 0, 0, 0, 0, 1, 0, 1, 1][0, 1, 0, 0, 0, 0, 0, 1, 0, 1, 1, 1, 1, 0, 0][0, 1, 0, 1, 1, 1, 0, 0, 1, 1, 1, 1, 1, 0, 0][0, 0, 1, 0, 1, 1, 1, 0, 1, 0, 1, 0, 0, 1, 1]	67.4631%	3000	0.125, 0.25, 0.5, 0.75	0.1, 0.1, 0.7, 0.1	0.500966
15	15, 14, 13, 11	[0, 1, 0, 1, 1, 1, 0, 0, 1, 1, 1, 1, 1, 0, 0]	64.2656%	3000	0.125, 0.25, 0.5, 0.75	0.25	0.491743
15	15, 14, 13, 11	[0, 1, 0, 1, 1, 1, 0, 0, 1, 1, 1, 1, 1, 0, 0]	67.1469%	3000	0.125, 0.25, 0.5, 0.75	0.1, 0.1, 0.7, 0.1	0.493417
15	15, 14, 13, 11	[0, 1, 0, 1, 1, 1, 0, 0, 1, 1, 1, 1, 1, 0, 0][1, 0, 0, 0, 0, 1, 0, 0, 0, 1, 1, 1, 0, 0, 0]	63.9494%	4000	0.5, 0.25	0.5	0.499662
15	15, 14, 13, 11	[0, 1, 0, 1, 1, 1, 0, 0, 1, 1, 1, 1, 1, 0, 0][0, 0, 0, 1, 1, 0, 0, 0, 0, 0, 1, 1, 1, 0, 0]	68.4821%	4000	0.5, 0.25	0.8, 0.2	0.505722
15	15, 14, 13, 11	[0, 1, 0, 1, 1, 1, 0, 0, 1, 1, 1, 1, 1, 0, 0]	67.7793%	4000	0.5, 0.25	0.5	0.516699
15	15, 14, 13, 11	[0, 1, 0, 1, 1, 1, 0, 0, 1, 1, 1, 1, 1, 0, 0]	68.3064%	4000	0.5, 0.25	0.8, 0.2	0.506140
15	15, 14, 13, 11	[0, 1, 0, 1, 1, 1, 0, 0, 1, 1, 1, 1, 1, 0, 0][0, 0, 0, 1, 0, 0, 1, 1, 0, 1, 0, 1, 0, 0, 1]	63.9494%	4000	0.5, 0.75	0.5	0.499662
15	15, 14, 13, 11	[0, 1, 0, 1, 1, 1, 0, 0, 1, 1, 1, 1, 1, 0, 0][0, 0, 1, 0, 1, 1, 1, 0, 1, 1, 0, 0, 1, 1, 0]	68.4118%	4000	0.5, 0.75	0.9, 0.1	0.521790
15	15, 14, 13, 11	[0, 1, 0, 1, 1, 1, 0, 0, 1, 1, 1, 1, 1, 0, 0]	66.9361%	4000	0.5, 0.75	0.5	0.596900
15	15, 14, 13, 11	[0, 1, 0, 1, 1, 1, 0, 0, 1, 1, 1, 1, 1, 0, 0]	68.5172%	4000	0.5, 0.75	0.9, 0.1	0.525501
15	15, 14, 13, 11	[0, 1, 0, 1, 1, 1, 0, 0, 1, 1, 1, 1, 1, 0, 0][1, 1, 0, 0, 1, 1, 0, 0, 1, 0, 1, 0, 1, 0, 1]	63.9494%	4000	0.5, 0.125	0.5	0.499662
15	15, 14, 13, 11	[0, 1, 0, 1, 1, 1, 0, 0, 1, 1, 1, 1, 1, 0, 0][0, 1, 1, 1, 1, 0, 0, 0, 1, 0, 1, 1, 0, 1, 0]	68.4118%	4000	0.5, 0.125	0.9, 0.1	0.468967
15	15, 14, 13, 11	[0, 1, 0, 1, 1, 1, 0, 0, 1, 1, 1, 1, 1, 0, 0]	66.4441%	4000	0.5, 0.125	0.5	0.350209
15	15, 14, 13, 11	[0, 1, 0, 1, 1, 1, 0, 0, 1, 1, 1, 1, 1, 0, 0]	68.4118%	4000	0.5, 0.125	0.9, 0.1	0.468955
15	15, 14, 13, 11	[1, 0, 0, 0, 1, 1, 0, 1, 1, 1, 0, 1, 0, 1, 1][0, 1, 0, 1, 1, 1, 0, 0, 1, 1, 1, 1, 1, 0, 0][0, 1, 0, 1, 1, 1, 1, 0, 1, 0, 0, 0, 0, 0, 0]	63.9494%	4000	0.25, 0.5, 0.75	0.3333333333333333	0.499662
15	15, 14, 13, 11	[1, 0, 1, 0, 0, 0, 0, 1, 0, 1, 0, 1, 1, 0, 1][0, 1, 0, 1, 1, 1, 0, 0, 1, 1, 1, 1, 1, 0, 0][1, 0, 0, 0, 1, 0, 0, 0, 1, 0, 0, 1, 1, 0, 1]	67.0063%	4000	0.25, 0.5, 0.75	0.1, 0.8, 0.1	0.516818
15	15, 14, 13, 11	[0, 1, 0, 1, 1, 1, 0, 0, 1, 1, 1, 1, 1, 0, 0]	66.4090%	4000	0.25, 0.5, 0.75	0.3333333333333333	0.576649
15	15, 14, 13, 11	[0, 1, 0, 1, 1, 1, 0, 0, 1, 1, 1, 1, 1, 0, 0]	67.2523%	4000	0.25, 0.5, 0.75	0.1, 0.8, 0.1	0.528923
15	15, 14, 13, 11	[0, 1, 0, 1, 0, 0, 1, 1, 1, 1, 1, 0, 1, 0, 1][0, 0, 0, 0, 0, 1, 1, 0, 0, 1, 1, 0, 1, 0, 1][0, 1, 0, 1, 1, 1, 0, 0, 1, 1, 1, 1, 1, 0, 0][0, 1, 1, 0, 0, 0, 0, 1, 1, 1, 0, 1, 1, 1, 0]	63.9494%	4000	0.125, 0.25, 0.5, 0.75	0.25	0.499662
15	15, 14, 13, 11	[1, 1, 0, 0, 0, 1, 0, 0, 1, 0, 0, 1, 1, 0, 1][0, 1, 0, 0, 1, 0, 1, 1, 0, 1, 1, 0, 0, 1, 1][0, 1, 0, 1, 1, 1, 0, 0, 1, 1, 1, 1, 1, 0, 0][0, 1, 0, 1, 1, 1, 1, 0, 1, 1, 0, 1, 0, 0, 0]	66.3387%	4000	0.125, 0.25, 0.5, 0.75	0.1, 0.1, 0.7, 0.1	0.502070
15	15, 14, 13, 11	[0, 1, 0, 1, 1, 1, 0, 0, 1, 1, 1, 1, 1, 0, 0]	65.6711%	4000	0.125, 0.25, 0.5, 0.75	0.25	0.486054
15	15, 14, 13, 11	[0, 1, 0, 1, 1, 1, 0, 0, 1, 1, 1, 1, 1, 0, 0]	66.9361%	4000	0.125, 0.25, 0.5, 0.75	0.1, 0.1, 0.7, 0.1	0.500302
17	17, 16, 15, 14	[0, 1, 0, 0, 0, 0, 0, 0, 0, 1, 0, 1, 1, 1, 1, 1, 1]	62.8602%	1000	0.5	1.0	0.500173
17	17, 16, 15, 14	[0, 1, 0, 0, 0, 0, 0, 0, 0, 1, 0, 1, 1, 1, 1, 1, 1]	65.1792%	2000	0.5	1.0	0.500173
17	17, 16, 15, 14	[0, 1, 0, 0, 0, 0, 0, 0, 0, 1, 0, 1, 1, 1, 1, 1, 1]	65.9522%	3000	0.5	1.0	0.500173
17	17, 16, 15, 14	[0, 1, 0, 0, 0, 0, 0, 0, 0, 1, 0, 1, 1, 1, 1, 1, 1]	66.6901%	4000	0.5	1.0	0.500173
17	17, 16, 15, 14	[0, 1, 1, 1, 0, 1, 1, 1, 1, 1, 1, 1, 1, 0, 0, 0, 1]	61.7006%	1000	0.5	1.0	0.501618
17	17, 16, 15, 14	[0, 1, 1, 1, 0, 1, 1, 1, 1, 1, 1, 1, 1, 0, 0, 0, 1]	65.3197%	2000	0.5	1.0	0.501618
17	17, 16, 15, 14	[0, 1, 1, 1, 0, 1, 1, 1, 1, 1, 1, 1, 1, 0, 0, 0, 1]	66.5144%	3000	0.5	1.0	0.501618
17	17, 16, 15, 14	[0, 1, 1, 1, 0, 1, 1, 1, 1, 1, 1, 1, 1, 0, 0, 0, 1]	67.1469%	4000	0.5	1.0	0.501618
17	17, 16, 15, 14	[1, 1, 0, 1, 0, 1, 0, 1, 0, 0, 1, 0, 1, 0, 0, 1, 1]	62.0520%	1000	0.5	1.0	0.498497
17	17, 16, 15, 14	[1, 1, 0, 1, 0, 1, 0, 1, 0, 0, 1, 0, 1, 0, 0, 1, 1]	65.0387%	2000	0.5	1.0	0.498497
17	17, 16, 15, 14	[1, 1, 0, 1, 0, 1, 0, 1, 0, 0, 1, 0, 1, 0, 0, 1, 1]	66.9009%	3000	0.5	1.0	0.498497
17	17, 16, 15, 14	[1, 1, 0, 1, 0, 1, 0, 1, 0, 0, 1, 0, 1, 0, 0, 1, 1]	67.9199%	4000	0.5	1.0	0.498497
17	17, 16, 15, 14	[1, 0, 1, 1, 1, 0, 0, 0, 1, 0, 1, 1, 0, 0, 1, 1, 1]	62.1926%	1000	0.5	1.0	0.501073
17	17, 16, 15, 14	[1, 0, 1, 1, 1, 0, 0, 0, 1, 0, 1, 1, 0, 0, 1, 1, 1]	64.7576%	2000	0.5	1.0	0.501073
17	17, 16, 15, 14	[1, 0, 1, 1, 1, 0, 0, 0, 1, 0, 1, 1, 0, 0, 1, 1, 1]	66.6198%	3000	0.5	1.0	0.501073
17	17, 16, 15, 14	[1, 0, 1, 1, 1, 0, 0, 0, 1, 0, 1, 1, 0, 0, 1, 1, 1]	68.7632%	4000	0.5	1.0	0.501073
17	17, 16, 15, 14	[1, 0, 1, 1, 1, 0, 0, 0, 1, 0, 1, 1, 0, 0, 1, 1, 1][0, 0, 0, 0, 0, 0, 0, 0, 0, 1, 0, 1, 1, 1, 0, 1, 0]	62.1926%	1000	0.5, 0.25	0.5	0.501073
17	17, 16, 15, 14	[1, 0, 1, 1, 1, 0, 0, 0, 1, 0, 1, 1, 0, 0, 1, 1, 1][0, 1, 0, 0, 0, 1, 0, 1, 0, 1, 1, 0, 0, 1, 0, 0, 0]	62.0871%	1000	0.5, 0.25	0.8, 0.2	0.513945
17	17, 16, 15, 14	[1, 0, 1, 1, 1, 0, 0, 0, 1, 0, 1, 1, 0, 0, 1, 1, 1]	63.2818%	1000	0.5, 0.25	0.5	0.519428
17	17, 16, 15, 14	[1, 0, 1, 1, 1, 0, 0, 0, 1, 0, 1, 1, 0, 0, 1, 1, 1]	62.3682%	1000	0.5, 0.25	0.8, 0.2	0.513621
17	17, 16, 15, 14	[1, 0, 1, 1, 1, 0, 0, 0, 1, 0, 1, 1, 0, 0, 1, 1, 1][1, 0, 1, 0, 1, 0, 0, 1, 1, 1, 0, 0, 0, 0, 0, 1, 1]	62.1926%	1000	0.5, 0.75	0.5	0.501073
17	17, 16, 15, 14	[1, 0, 1, 1, 1, 0, 0, 0, 1, 0, 1, 1, 0, 0, 1, 1, 1][1, 1, 1, 1, 0, 0, 1, 1, 0, 0, 0, 0, 1, 1, 0, 0, 1]	62.0169%	1000	0.5, 0.75	0.9, 0.1	0.533796
17	17, 16, 15, 14	[1, 0, 1, 1, 1, 0, 0, 0, 1, 0, 1, 1, 0, 0, 1, 1, 1]	61.9115%	1000	0.5, 0.75	0.5	0.634515
17	17, 16, 15, 14	[1, 0, 1, 1, 1, 0, 0, 0, 1, 0, 1, 1, 0, 0, 1, 1, 1]	62.7196%	1000	0.5, 0.75	0.9, 0.1	0.532906
17	17, 16, 15, 14	[1, 0, 1, 1, 1, 0, 0, 0, 1, 0, 1, 1, 0, 0, 1, 1, 1][0, 0, 0, 1, 0, 0, 1, 1, 0, 1, 1, 0, 0, 1, 1, 0, 0]	62.1926%	1000	0.5, 0.125	0.5	0.501073
17	17, 16, 15, 14	[1, 0, 1, 1, 1, 0, 0, 0, 1, 0, 1, 1, 0, 0, 1, 1, 1][1, 1, 1, 1, 1, 1, 0, 0, 1, 1, 0, 0, 1, 1, 1, 0, 1]	61.9466%	1000	0.5, 0.125	0.9, 0.1	0.469204
17	17, 16, 15, 14	[1, 0, 1, 1, 1, 0, 0, 0, 1, 0, 1, 1, 0, 0, 1, 1, 1]	61.3844%	1000	0.5, 0.125	0.5	0.337766
17	17, 16, 15, 14	[1, 0, 1, 1, 1, 0, 0, 0, 1, 0, 1, 1, 0, 0, 1, 1, 1]	62.0520%	1000	0.5, 0.125	0.9, 0.1	0.474341
17	17, 16, 15, 14	[1, 0, 0, 1, 0, 1, 0, 1, 1, 0, 0, 0, 1, 1, 1, 0, 0][1, 0, 1, 1, 1, 0, 0, 0, 1, 0, 1, 1, 0, 0, 1, 1, 1][1, 0, 1, 1, 0, 0, 1, 0, 0, 0, 0, 1, 1, 1, 1, 0, 0]	62.1926%	1000	0.25, 0.5, 0.75	0.3333333333333333	0.501073
17	17, 16, 15, 14	[0, 1, 0, 1, 1, 0, 0, 1, 1, 0, 1, 0, 0, 1, 1, 0, 0][1, 0, 1, 1, 1, 0, 0, 0, 1, 0, 1, 1, 0, 0, 1, 1, 1][0, 1, 1, 0, 1, 1, 0, 0, 1, 1, 0, 1, 0, 0, 0, 0, 1]	61.1736%	1000	0.25, 0.5, 0.75	0.1, 0.8, 0.1	0.534939
17	17, 16, 15, 14	[1, 0, 1, 1, 1, 0, 0, 0, 1, 0, 1, 1, 0, 0, 1, 1, 1]	62.4034%	1000	0.25, 0.5, 0.75	0.3333333333333333	0.598032
17	17, 16, 15, 14	[1, 0, 1, 1, 1, 0, 0, 0, 1, 0, 1, 1, 0, 0, 1, 1, 1]	61.5952%	1000	0.25, 0.5, 0.75	0.1, 0.8, 0.1	0.534203
17	17, 16, 15, 14	[0, 0, 1, 0, 0, 1, 1, 1, 1, 0, 0, 0, 1, 0, 1, 0, 1][1, 1, 0, 1, 1, 0, 1, 1, 0, 0, 0, 1, 0, 1, 1, 0, 1][1, 0, 1, 1, 1, 0, 0, 0, 1, 0, 1, 1, 0, 0, 1, 1, 1][0, 0, 0, 0, 1, 0, 0, 0, 1, 1, 1, 0, 1, 0, 0, 0, 0]	62.1926%	1000	0.125, 0.25, 0.5, 0.75	0.25	0.501073
17	17, 16, 15, 14	[0, 1, 0, 0, 1, 1, 0, 1, 0, 1, 0, 0, 1, 0, 1, 0, 1][0, 1, 0, 0, 1, 1, 1, 0, 0, 0, 0, 1, 1, 0, 1, 0, 0][1, 0, 1, 1, 1, 0, 0, 0, 1, 0, 1, 1, 0, 0, 1, 1, 1][1, 1, 0, 0, 1, 0, 0, 1, 0, 0, 1, 1, 0, 1, 0, 1, 1]	62.7547%	1000	0.125, 0.25, 0.5, 0.75	0.1, 0.1, 0.7, 0.1	0.502753
17	17, 16, 15, 14	[1, 0, 1, 1, 1, 0, 0, 0, 1, 0, 1, 1, 0, 0, 1, 1, 1]	59.8735%	1000	0.125, 0.25, 0.5, 0.75	0.25	0.490670
17	17, 16, 15, 14	[1, 0, 1, 1, 1, 0, 0, 0, 1, 0, 1, 1, 0, 0, 1, 1, 1]	61.7358%	1000	0.125, 0.25, 0.5, 0.75	0.1, 0.1, 0.7, 0.1	0.501863
17	17, 16, 15, 14	[1, 0, 1, 1, 1, 0, 0, 0, 1, 0, 1, 1, 0, 0, 1, 1, 1][0, 0, 1, 0, 1, 0, 1, 1, 0, 0, 1, 1, 0, 1, 1, 1, 1]	62.1926%	2000	0.5, 0.25	0.5	0.501073
17	17, 16, 15, 14	[1, 0, 1, 1, 1, 0, 0, 0, 1, 0, 1, 1, 0, 0, 1, 1, 1][1, 1, 1, 0, 0, 1, 0, 1, 1, 0, 1, 0, 1, 1, 0, 1, 0]	64.7224%	2000	0.5, 0.25	0.8, 0.2	0.507220
17	17, 16, 15, 14	[1, 0, 1, 1, 1, 0, 0, 0, 1, 0, 1, 1, 0, 0, 1, 1, 1]	66.3387%	2000	0.5, 0.25	0.5	0.516813
17	17, 16, 15, 14	[1, 0, 1, 1, 1, 0, 0, 0, 1, 0, 1, 1, 0, 0, 1, 1, 1]	65.2143%	2000	0.5, 0.25	0.8, 0.2	0.509011
17	17, 16, 15, 14	[1, 0, 1, 1, 1, 0, 0, 0, 1, 0, 1, 1, 0, 0, 1, 1, 1][1, 0, 0, 0, 0, 0, 1, 0, 1, 1, 1, 1, 0, 0, 0, 1, 0]	62.1926%	2000	0.5, 0.75	0.5	0.501073
17	17, 16, 15, 14	[1, 0, 1, 1, 1, 0, 0, 0, 1, 0, 1, 1, 0, 0, 1, 1, 1][0, 1, 1, 0, 0, 0, 0, 0, 1, 1, 0, 1, 1, 1, 1, 1, 1]	64.7224%	2000	0.5, 0.75	0.9, 0.1	0.528654
17	17, 16, 15, 14	[1, 0, 1, 1, 1, 0, 0, 0, 1, 0, 1, 1, 0, 0, 1, 1, 1]	64.3359%	2000	0.5, 0.75	0.5	0.635029
17	17, 16, 15, 14	[1, 0, 1, 1, 1, 0, 0, 0, 1, 0, 1, 1, 0, 0, 1, 1, 1]	65.5657%	2000	0.5, 0.75	0.9, 0.1	0.528640
17	17, 16, 15, 14	[1, 0, 1, 1, 1, 0, 0, 0, 1, 0, 1, 1, 0, 0, 1, 1, 1][0, 0, 1, 0, 1, 1, 1, 0, 1, 0, 0, 0, 1, 0, 1, 0, 0]	62.1926%	2000	0.5, 0.125	0.5	0.501073
17	17, 16, 15, 14	[1, 0, 1, 1, 1, 0, 0, 0, 1, 0, 1, 1, 0, 0, 1, 1, 1][0, 0, 0, 0, 0, 0, 1, 1, 1, 1, 1, 1, 1, 1, 0, 0, 1]	64.5819%	2000	0.5, 0.125	0.9, 0.1	0.464547
17	17, 16, 15, 14	[1, 0, 1, 1, 1, 0, 0, 0, 1, 0, 1, 1, 0, 0, 1, 1, 1]	62.6493%	2000	0.5, 0.125	0.5	0.335900
17	17, 16, 15, 14	[1, 0, 1, 1, 1, 0, 0, 0, 1, 0, 1, 1, 0, 0, 1, 1, 1]	64.7927%	2000	0.5, 0.125	0.9, 0.1	0.469388
17	17, 16, 15, 14	[0, 0, 1, 0, 0, 0, 0, 0, 0, 1, 0, 0, 0, 1, 1, 1, 0][1, 0, 1, 1, 1, 0, 0, 0, 1, 0, 1, 1, 0, 0, 1, 1, 1][1, 1, 1, 1, 1, 0, 0, 1, 1, 0, 1, 0, 1, 1, 1, 1, 1]	62.1926%	2000	0.25, 0.5, 0.75	0.3333333333333333	0.501073
17	17, 16, 15, 14	[1, 0, 0, 1, 1, 0, 0, 1, 1, 0, 0, 0, 0, 1, 1, 0, 0][1, 0, 1, 1, 1, 0, 0, 0, 1, 0, 1, 1, 0, 0, 1, 1, 1][0, 1, 0, 0, 0, 0, 1, 1, 0, 1, 1, 1, 0, 0, 1, 0, 0]	64.3008%	2000	0.25, 0.5, 0.75	0.1, 0.8, 0.1	0.532082
17	17, 16, 15, 14	[1, 0, 1, 1, 1, 0, 0, 0, 1, 0, 1, 1, 0, 0, 1, 1, 1]	64.5467%	2000	0.25, 0.5, 0.75	0.3333333333333333	0.599416
17	17, 16, 15, 14	[1, 0, 1, 1, 1, 0, 0, 0, 1, 0, 1, 1, 0, 0, 1, 1, 1]	63.9845%	2000	0.25, 0.5, 0.75	0.1, 0.8, 0.1	0.532678
17	17, 16, 15, 14	[0, 0, 1, 0, 0, 0, 0, 0, 1, 0, 0, 0, 1, 0, 0, 1, 1][0, 1, 0, 0, 1, 0, 1, 0, 0, 1, 1, 1, 0, 1, 0, 0, 1][1, 0, 1, 1, 1, 0, 0, 0, 1, 0, 1, 1, 0, 0, 1, 1, 1][1, 0, 0, 1, 0, 1, 0, 1, 0, 1, 0, 1, 1, 0, 1, 1, 1]	62.1926%	2000	0.125, 0.25, 0.5, 0.75	0.25	0.501073
17	17, 16, 15, 14	[0, 0, 1, 0, 1, 1, 0, 1, 1, 0, 1, 1, 1, 0, 1, 1, 0][0, 0, 0, 1, 0, 1, 0, 0, 0, 1, 0, 1, 0, 0, 0, 0, 0][1, 0, 1, 1, 1, 0, 0, 0, 1, 0, 1, 1, 0, 0, 1, 1, 1][1, 0, 0, 0, 1, 0, 0, 1, 1, 0, 1, 0, 0, 0, 1, 1, 0]	65.4252%	2000	0.125, 0.25, 0.5, 0.75	0.1, 0.1, 0.7, 0.1	0.499706
17	17, 16, 15, 14	[1, 0, 1, 1, 1, 0, 0, 0, 1, 0, 1, 1, 0, 0, 1, 1, 1]	64.8981%	2000	0.125, 0.25, 0.5, 0.75	0.25	0.490214
17	17, 16, 15, 14	[1, 0, 1, 1, 1, 0, 0, 0, 1, 0, 1, 1, 0, 0, 1, 1, 1]	65.2846%	2000	0.125, 0.25, 0.5, 0.75	0.1, 0.1, 0.7, 0.1	0.498464
17	17, 16, 15, 14	[1, 0, 1, 1, 1, 0, 0, 0, 1, 0, 1, 1, 0, 0, 1, 1, 1][1, 0, 1, 1, 1, 1, 1, 1, 1, 0, 1, 1, 0, 0, 1, 1, 0]	62.1926%	3000	0.5, 0.25	0.5	0.501073
17	17, 16, 15, 14	[1, 0, 1, 1, 1, 0, 0, 0, 1, 0, 1, 1, 0, 0, 1, 1, 1][0, 0, 1, 1, 1, 1, 0, 0, 0, 0, 0, 1, 1, 1, 1, 1, 0]	66.6901%	3000	0.5, 0.25	0.8, 0.2	0.506081
17	17, 16, 15, 14	[1, 0, 1, 1, 1, 0, 0, 0, 1, 0, 1, 1, 0, 0, 1, 1, 1]	66.2684%	3000	0.5, 0.25	0.5	0.517245
17	17, 16, 15, 14	[1, 0, 1, 1, 1, 0, 0, 0, 1, 0, 1, 1, 0, 0, 1, 1, 1]	66.7252%	3000	0.5, 0.25	0.8, 0.2	0.506722
17	17, 16, 15, 14	[1, 0, 1, 1, 1, 0, 0, 0, 1, 0, 1, 1, 0, 0, 1, 1, 1][0, 1, 1, 1, 0, 1, 0, 1, 0, 1, 1, 0, 1, 0, 0, 0, 0]	62.1926%	3000	0.5, 0.75	0.5	0.501073
17	17, 16, 15, 14	[1, 0, 1, 1, 1, 0, 0, 0, 1, 0, 1, 1, 0, 0, 1, 1, 1][1, 0, 0, 0, 0, 1, 1, 0, 0, 0, 1, 0, 0, 1, 0, 1, 1]	66.1982%	3000	0.5, 0.75	0.9, 0.1	0.526525
17	17, 16, 15, 14	[1, 0, 1, 1, 1, 0, 0, 0, 1, 0, 1, 1, 0, 0, 1, 1, 1]	65.3900%	3000	0.5, 0.75	0.5	0.635130
17	17, 16, 15, 14	[1, 0, 1, 1, 1, 0, 0, 0, 1, 0, 1, 1, 0, 0, 1, 1, 1]	66.5847%	3000	0.5, 0.75	0.9, 0.1	0.527170
17	17, 16, 15, 14	[1, 0, 1, 1, 1, 0, 0, 0, 1, 0, 1, 1, 0, 0, 1, 1, 1][0, 0, 1, 1, 0, 1, 1, 0, 1, 0, 0, 1, 0, 0, 1, 1, 1]	62.1926%	3000	0.5, 0.125	0.5	0.501073
17	17, 16, 15, 14	[1, 0, 1, 1, 1, 0, 0, 0, 1, 0, 1, 1, 0, 0, 1, 1, 1][1, 0, 1, 0, 0, 1, 0, 1, 1, 1, 0, 0, 0, 1, 0, 0, 1]	66.1982%	3000	0.5, 0.125	0.9, 0.1	0.462625
17	17, 16, 15, 14	[1, 0, 1, 1, 1, 0, 0, 0, 1, 0, 1, 1, 0, 0, 1, 1, 1]	64.2656%	3000	0.5, 0.125	0.5	0.335797
17	17, 16, 15, 14	[1, 0, 1, 1, 1, 0, 0, 0, 1, 0, 1, 1, 0, 0, 1, 1, 1]	66.2333%	3000	0.5, 0.125	0.9, 0.1	0.467407
17	17, 16, 15, 14	[1, 0, 1, 0, 1, 0, 0, 1, 1, 0, 0, 1, 0, 0, 1, 1, 0][1, 0, 1, 1, 1, 0, 0, 0, 1, 0, 1, 1, 0, 0, 1, 1, 1][1, 1, 1, 0, 1, 0, 0, 0, 0, 0, 0, 0, 0, 1, 1, 0, 1]	62.1926%	3000	0.25, 0.5, 0.75	0.3333333333333333	0.501073
17	17, 16, 15, 14	[1, 1, 0, 1, 0, 0, 0, 1, 0, 1, 1, 1, 1, 1, 1, 0, 0][1, 0, 1, 1, 1, 0, 0, 0, 1, 0, 1, 1, 0, 0, 1, 1, 1][0, 1, 1, 1, 0, 1, 0, 0, 1, 0, 0, 1, 0, 0, 1, 1, 1]	65.4603%	3000	0.25, 0.5, 0.75	0.1, 0.8, 0.1	0.529562
17	17, 16, 15, 14	[1, 0, 1, 1, 1, 0, 0, 0, 1, 0, 1, 1, 0, 0, 1, 1, 1]	67.0766%	3000	0.25, 0.5, 0.75	0.3333333333333333	0.597371
17	17, 16, 15, 14	[1, 0, 1, 1, 1, 0, 0, 0, 1, 0, 1, 1, 0, 0, 1, 1, 1]	66.2684%	3000	0.25, 0.5, 0.75	0.1, 0.8, 0.1	0.529751
17	17, 16, 15, 14	[1, 1, 1, 0, 0, 1, 0, 1, 1, 0, 0, 1, 0, 0, 1, 0, 1][0, 0, 1, 1, 0, 1, 0, 1, 1, 1, 0, 0, 1, 1, 0, 1, 1][1, 0, 1, 1, 1, 0, 0, 0, 1, 0, 1, 1, 0, 0, 1, 1, 1][0, 1, 0, 1, 1, 0, 0, 1, 0, 0, 1, 1, 0, 0, 1, 0, 1]	62.1926%	3000	0.125, 0.25, 0.5, 0.75	0.25	0.501073
17	17, 16, 15, 14	[1, 1, 1, 0, 0, 0, 1, 1, 1, 0, 0, 0, 0, 1, 0, 0, 0][0, 0, 0, 0, 0, 0, 1, 0, 0, 1, 0, 0, 1, 0, 0, 0, 1][1, 0, 1, 1, 1, 0, 0, 0, 1, 0, 1, 1, 0, 0, 1, 1, 1][1, 1, 1, 0, 0, 0, 0, 1, 0, 0, 1, 0, 0, 0, 0, 1, 1]	66.5495%	3000	0.125, 0.25, 0.5, 0.75	0.1, 0.1, 0.7, 0.1	0.497390
17	17, 16, 15, 14	[1, 0, 1, 1, 1, 0, 0, 0, 1, 0, 1, 1, 0, 0, 1, 1, 1]	66.0928%	3000	0.125, 0.25, 0.5, 0.75	0.25	0.490941
17	17, 16, 15, 14	[1, 0, 1, 1, 1, 0, 0, 0, 1, 0, 1, 1, 0, 0, 1, 1, 1]	67.2523%	3000	0.125, 0.25, 0.5, 0.75	0.1, 0.1, 0.7, 0.1	0.496202
17	17, 16, 15, 14	[1, 0, 1, 1, 1, 0, 0, 0, 1, 0, 1, 1, 0, 0, 1, 1, 1][0, 0, 1, 0, 1, 1, 0, 1, 1, 1, 0, 0, 1, 0, 1, 0, 1]	69.0443%	4000	0.5, 0.25	0.5	0.517607
17	17, 16, 15, 14	[1, 0, 1, 1, 1, 0, 0, 0, 1, 0, 1, 1, 0, 0, 1, 1, 1][1, 0, 1, 1, 1, 1, 0, 0, 0, 0, 1, 1, 0, 0, 0, 1, 0]	67.2523%	4000	0.5, 0.25	0.8, 0.2	0.505092
17	17, 16, 15, 14	[1, 0, 1, 1, 1, 0, 0, 0, 1, 0, 1, 1, 0, 0, 1, 1, 1]	66.9712%	4000	0.5, 0.25	0.5	0.514335
17	17, 16, 15, 14	[1, 0, 1, 1, 1, 0, 0, 0, 1, 0, 1, 1, 0, 0, 1, 1, 1]	67.9199%	4000	0.5, 0.25	0.8, 0.2	0.505989
17	17, 16, 15, 14	[1, 0, 1, 1, 1, 0, 0, 0, 1, 0, 1, 1, 0, 0, 1, 1, 1][0, 1, 1, 0, 1, 1, 1, 0, 1, 1, 1, 0, 1, 1, 0, 0, 1]	69.0443%	4000	0.5, 0.75	0.5	0.517607
17	17, 16, 15, 14	[1, 0, 1, 1, 1, 0, 0, 0, 1, 0, 1, 1, 0, 0, 1, 1, 1][1, 0, 0, 0, 0, 0, 1, 1, 0, 1, 1, 0, 1, 0, 1, 0, 1]	68.0956%	4000	0.5, 0.75	0.9, 0.1	0.526317
17	17, 16, 15, 14	[1, 0, 1, 1, 1, 0, 0, 0, 1, 0, 1, 1, 0, 0, 1, 1, 1]	66.4090%	4000	0.5, 0.75	0.5	0.628764
17	17, 16, 15, 14	[1, 0, 1, 1, 1, 0, 0, 0, 1, 0, 1, 1, 0, 0, 1, 1, 1]	68.0253%	4000	0.5, 0.75	0.9, 0.1	0.527717
17	17, 16, 15, 14	[1, 0, 1, 1, 1, 0, 0, 0, 1, 0, 1, 1, 0, 0, 1, 1, 1][0, 0, 1, 1, 1, 0, 1, 0, 0, 1, 0, 1, 1, 1, 0, 1, 1]	69.0443%	4000	0.5, 0.125	0.5	0.517607
17	17, 16, 15, 14	[1, 0, 1, 1, 1, 0, 0, 0, 1, 0, 1, 1, 0, 0, 1, 1, 1][1, 0, 0, 0, 1, 0, 1, 0, 1, 1, 1, 1, 0, 1, 0, 1, 1]	68.0253%	4000	0.5, 0.125	0.9, 0.1	0.467267
17	17, 16, 15, 14	[1, 0, 1, 1, 1, 0, 0, 0, 1, 0, 1, 1, 0, 0, 1, 1, 1]	64.7927%	4000	0.5, 0.125	0.5	0.333513
17	17, 16, 15, 14	[1, 0, 1, 1, 1, 0, 0, 0, 1, 0, 1, 1, 0, 0, 1, 1, 1]	67.9902%	4000	0.5, 0.125	0.9, 0.1	0.467282
17	17, 16, 15, 14	[0, 0, 1, 1, 0, 1, 1, 0, 0, 0, 0, 0, 0, 1, 1, 1, 0][1, 0, 1, 1, 1, 0, 0, 0, 1, 0, 1, 1, 0, 0, 1, 1, 1][0, 1, 0, 1, 0, 0, 1, 1, 0, 0, 0, 0, 1, 0, 1, 0, 0]	69.0443%	4000	0.25, 0.5, 0.75	0.3333333333333333	0.517607
17	17, 16, 15, 14	[1, 0, 0, 1, 0, 0, 1, 0, 0, 0, 0, 1, 0, 1, 1, 1, 1][1, 0, 1, 1, 1, 0, 0, 0, 1, 0, 1, 1, 0, 0, 1, 1, 1][1, 0, 0, 1, 1, 0, 1, 1, 0, 1, 1, 0, 0, 0, 1, 0, 1]	68.4821%	4000	0.25, 0.5, 0.75	0.1, 0.8, 0.1	0.528880
17	17, 16, 15, 14	[1, 0, 1, 1, 1, 0, 0, 0, 1, 0, 1, 1, 0, 0, 1, 1, 1]	66.7955%	4000	0.25, 0.5, 0.75	0.3333333333333333	0.597367
17	17, 16, 15, 14	[1, 0, 1, 1, 1, 0, 0, 0, 1, 0, 1, 1, 0, 0, 1, 1, 1]	68.7280%	4000	0.25, 0.5, 0.75	0.1, 0.8, 0.1	0.529350
17	17, 16, 15, 14	[1, 1, 1, 0, 0, 0, 0, 0, 1, 0, 0, 1, 1, 1, 0, 1, 1][0, 1, 1, 0, 1, 0, 0, 0, 1, 1, 0, 1, 0, 1, 0, 1, 0][1, 0, 1, 1, 1, 0, 0, 0, 1, 0, 1, 1, 0, 0, 1, 1, 1][1, 0, 1, 1, 0, 0, 1, 1, 1, 1, 0, 0, 0, 1, 1, 1, 1]	69.0443%	4000	0.125, 0.25, 0.5, 0.75	0.25	0.517607
17	17, 16, 15, 14	[0, 1, 0, 1, 0, 1, 1, 1, 0, 1, 1, 1, 1, 1, 0, 0, 1][0, 1, 0, 1, 0, 1, 0, 1, 0, 0, 0, 1, 1, 0, 1, 1, 0][1, 0, 1, 1, 1, 0, 0, 0, 1, 0, 1, 1, 0, 0, 1, 1, 1][1, 1, 0, 0, 1, 0, 1, 1, 0, 0, 1, 1, 1, 0, 1, 0, 1]	68.0956%	4000	0.125, 0.25, 0.5, 0.75	0.1, 0.1, 0.7, 0.1	0.496309
17	17, 16, 15, 14	[1, 0, 1, 1, 1, 0, 0, 0, 1, 0, 1, 1, 0, 0, 1, 1, 1]	67.1820%	4000	0.125, 0.25, 0.5, 0.75	0.25	0.489578
17	17, 16, 15, 14	[1, 0, 1, 1, 1, 0, 0, 0, 1, 0, 1, 1, 0, 0, 1, 1, 1]	67.1469%	4000	0.125, 0.25, 0.5, 0.75	0.1, 0.1, 0.7, 0.1	0.496606
20	20, 19, 16, 14	[0, 0, 0, 0, 1, 1, 1, 0, 0, 1, 0, 1, 0, 1, 0, 0, 0, 1, 0, 0]	61.1736%	1000	0.5	1.0	0.502320
20	20, 19, 16, 14	[0, 0, 0, 0, 1, 1, 1, 0, 0, 1, 0, 1, 0, 1, 0, 0, 0, 1, 0, 0]	63.6332%	2000	0.5	1.0	0.502320
20	20, 19, 16, 14	[0, 0, 0, 0, 1, 1, 1, 0, 0, 1, 0, 1, 0, 1, 0, 0, 0, 1, 0, 0]	64.9332%	3000	0.5	1.0	0.502320
20	20, 19, 16, 14	[0, 0, 0, 0, 1, 1, 1, 0, 0, 1, 0, 1, 0, 1, 0, 0, 0, 1, 0, 0]	65.3197%	4000	0.5	1.0	0.502320
20	20, 19, 16, 14	[0, 0, 0, 0, 1, 0, 0, 1, 0, 0, 1, 0, 1, 0, 0, 0, 1, 0, 0, 0]	62.6845%	1000	0.5	1.0	0.501566
20	20, 19, 16, 14	[0, 0, 0, 0, 1, 0, 0, 1, 0, 0, 1, 0, 1, 0, 0, 0, 1, 0, 0, 0]	65.2143%	2000	0.5	1.0	0.501566
20	20, 19, 16, 14	[0, 0, 0, 0, 1, 0, 0, 1, 0, 0, 1, 0, 1, 0, 0, 0, 1, 0, 0, 0]	65.9171%	3000	0.5	1.0	0.501566
20	20, 19, 16, 14	[0, 0, 0, 0, 1, 0, 0, 1, 0, 0, 1, 0, 1, 0, 0, 0, 1, 0, 0, 0]	66.6550%	4000	0.5	1.0	0.501566
20	20, 19, 16, 14	[0, 1, 1, 1, 1, 1, 1, 0, 0, 0, 1, 1, 0, 0, 0, 1, 1, 0, 1, 1]	62.1223%	1000	0.5	1.0	0.499806
20	20, 19, 16, 14	[0, 1, 1, 1, 1, 1, 1, 0, 0, 0, 1, 1, 0, 0, 0, 1, 1, 0, 1, 1]	64.4413%	2000	0.5	1.0	0.499806
20	20, 19, 16, 14	[0, 1, 1, 1, 1, 1, 1, 0, 0, 0, 1, 1, 0, 0, 0, 1, 1, 0, 1, 1]	65.1089%	3000	0.5	1.0	0.499806
20	20, 19, 16, 14	[0, 1, 1, 1, 1, 1, 1, 0, 0, 0, 1, 1, 0, 0, 0, 1, 1, 0, 1, 1]	66.1279%	4000	0.5	1.0	0.499806
20	20, 19, 16, 14	[1, 1, 1, 1, 0, 0, 0, 1, 0, 0, 1, 1, 1, 0, 1, 0, 0, 0, 0, 0]	62.7547%	1000	0.5	1.0	0.502744
20	20, 19, 16, 14	[1, 1, 1, 1, 0, 0, 0, 1, 0, 0, 1, 1, 1, 0, 1, 0, 0, 0, 0, 0]	65.6360%	2000	0.5	1.0	0.502744
20	20, 19, 16, 14	[1, 1, 1, 1, 0, 0, 0, 1, 0, 0, 1, 1, 1, 0, 1, 0, 0, 0, 0, 0]	66.9009%	3000	0.5	1.0	0.502744
20	20, 19, 16, 14	[1, 1, 1, 1, 0, 0, 0, 1, 0, 0, 1, 1, 1, 0, 1, 0, 0, 0, 0, 0]	67.5685%	4000	0.5	1.0	0.502744
20	20, 19, 16, 14	[1, 1, 1, 1, 0, 0, 0, 1, 0, 0, 1, 1, 1, 0, 1, 0, 0, 0, 0, 0][1, 1, 0, 0, 0, 1, 1, 1, 1, 0, 0, 1, 1, 0, 0, 0, 0, 0, 0, 1]	62.7547%	1000	0.5, 0.25	0.5	0.502744
20	20, 19, 16, 14	[1, 1, 1, 1, 0, 0, 0, 1, 0, 0, 1, 1, 1, 0, 1, 0, 0, 0, 0, 0][1, 0, 0, 1, 0, 0, 0, 0, 0, 1, 1, 1, 0, 1, 1, 1, 0, 1, 1, 0]	63.7386%	1000	0.5, 0.25	0.8, 0.2	0.507104
20	20, 19, 16, 14	[1, 1, 1, 1, 0, 0, 0, 1, 0, 0, 1, 1, 1, 0, 1, 0, 0, 0, 0, 0]	63.7386%	1000	0.5, 0.25	0.5	0.515059
20	20, 19, 16, 14	[1, 1, 1, 1, 0, 0, 0, 1, 0, 0, 1, 1, 1, 0, 1, 0, 0, 0, 0, 0]	63.3872%	1000	0.5, 0.25	0.8, 0.2	0.507323
20	20, 19, 16, 14	[1, 1, 1, 1, 0, 0, 0, 1, 0, 0, 1, 1, 1, 0, 1, 0, 0, 0, 0, 0][1, 1, 1, 1, 1, 1, 1, 0, 1, 0, 0, 0, 1, 1, 0, 0, 0, 0, 1, 0]	62.7547%	1000	0.5, 0.75	0.5	0.502744
20	20, 19, 16, 14	[1, 1, 1, 1, 0, 0, 0, 1, 0, 0, 1, 1, 1, 0, 1, 0, 0, 0, 0, 0][0, 0, 1, 1, 0, 1, 0, 0, 1, 0, 0, 1, 0, 1, 0, 1, 0, 1, 0, 1]	62.3331%	1000	0.5, 0.75	0.9, 0.1	0.525937
20	20, 19, 16, 14	[1, 1, 1, 1, 0, 0, 0, 1, 0, 0, 1, 1, 1, 0, 1, 0, 0, 0, 0, 0]	61.4547%	1000	0.5, 0.75	0.5	0.630205
20	20, 19, 16, 14	[1, 1, 1, 1, 0, 0, 0, 1, 0, 0, 1, 1, 1, 0, 1, 0, 0, 0, 0, 0]	62.3682%	1000	0.5, 0.75	0.9, 0.1	0.524860
20	20, 19, 16, 14	[1, 1, 1, 1, 0, 0, 0, 1, 0, 0, 1, 1, 1, 0, 1, 0, 0, 0, 0, 0][1, 1, 0, 0, 1, 1, 0, 1, 0, 1, 1, 1, 0, 1, 1, 0, 1, 1, 1, 0]	62.7547%	1000	0.5, 0.125	0.5	0.502744
20	20, 19, 16, 14	[1, 1, 1, 1, 0, 0, 0, 1, 0, 0, 1, 1, 1, 0, 1, 0, 0, 0, 0, 0][1, 1, 1, 1, 1, 0, 0, 0, 0, 0, 0, 1, 1, 0, 1, 1, 0, 1, 1, 0]	62.6845%	1000	0.5, 0.125	0.9, 0.1	0.467168
20	20, 19, 16, 14	[1, 1, 1, 1, 0, 0, 0, 1, 0, 0, 1, 1, 1, 0, 1, 0, 0, 0, 0, 0]	59.5924%	1000	0.5, 0.125	0.5	0.324931
20	20, 19, 16, 14	[1, 1, 1, 1, 0, 0, 0, 1, 0, 0, 1, 1, 1, 0, 1, 0, 0, 0, 0, 0]	62.7899%	1000	0.5, 0.125	0.9, 0.1	0.465246
20	20, 19, 16, 14	[1, 1, 0, 1, 0, 0, 1, 0, 0, 0, 0, 1, 0, 1, 1, 1, 0, 1, 0, 0][1, 1, 1, 1, 0, 0, 0, 1, 0, 0, 1, 1, 1, 0, 1, 0, 0, 0, 0, 0][0, 0, 1, 0, 1, 0, 0, 0, 0, 0, 0, 1, 0, 1, 1, 0, 0, 0, 0, 0]	62.7547%	1000	0.25, 0.5, 0.75	0.3333333333333333	0.502744
20	20, 19, 16, 14	[1, 1, 1, 0, 1, 0, 1, 1, 0, 1, 0, 0, 1, 1, 1, 1, 0, 0, 1, 1][1, 1, 1, 1, 0, 0, 0, 1, 0, 0, 1, 1, 1, 0, 1, 0, 0, 0, 0, 0][0, 1, 0, 0, 1, 1, 0, 1, 1, 0, 0, 0, 1, 1, 0, 0, 0, 1, 0, 1]	62.4034%	1000	0.25, 0.5, 0.75	0.1, 0.8, 0.1	0.529288
20	20, 19, 16, 14	[1, 1, 1, 1, 0, 0, 0, 1, 0, 0, 1, 1, 1, 0, 1, 0, 0, 0, 0, 0]	61.2439%	1000	0.25, 0.5, 0.75	0.3333333333333333	0.598407
20	20, 19, 16, 14	[1, 1, 1, 1, 0, 0, 0, 1, 0, 0, 1, 1, 1, 0, 1, 0, 0, 0, 0, 0]	61.9466%	1000	0.25, 0.5, 0.75	0.1, 0.8, 0.1	0.531189
20	20, 19, 16, 14	[0, 0, 0, 1, 0, 0, 0, 1, 0, 0, 1, 0, 0, 1, 0, 1, 1, 0, 1, 0][1, 0, 1, 1, 1, 0, 1, 1, 1, 1, 0, 1, 1, 1, 0, 0, 0, 1, 0, 0][1, 1, 1, 1, 0, 0, 0, 1, 0, 0, 1, 1, 1, 0, 1, 0, 0, 0, 0, 0][0, 1, 0, 1, 0, 1, 0, 0, 0, 1, 0, 1, 0, 0, 0, 1, 0, 0, 1, 0]	62.7547%	1000	0.125, 0.25, 0.5, 0.75	0.25	0.502744
20	20, 19, 16, 14	[1, 0, 0, 1, 1, 1, 1, 0, 1, 1, 0, 0, 0, 1, 0, 0, 0, 0, 1, 0][0, 0, 1, 1, 0, 0, 0, 1, 1, 1, 0, 1, 0, 1, 1, 0, 0, 1, 1, 1][1, 1, 1, 1, 0, 0, 0, 1, 0, 0, 1, 1, 1, 0, 1, 0, 0, 0, 0, 0][0, 1, 0, 0, 1, 0, 1, 0, 0, 0, 1, 0, 1, 0, 0, 0, 1, 1, 1, 1]	63.2115%	1000	0.125, 0.25, 0.5, 0.75	0.1, 0.1, 0.7, 0.1	0.497660
20	20, 19, 16, 14	[1, 1, 1, 1, 0, 0, 0, 1, 0, 0, 1, 1, 1, 0, 1, 0, 0, 0, 0, 0]	60.8925%	1000	0.125, 0.25, 0.5, 0.75	0.25	0.489018
20	20, 19, 16, 14	[1, 1, 1, 1, 0, 0, 0, 1, 0, 0, 1, 1, 1, 0, 1, 0, 0, 0, 0, 0]	61.7006%	1000	0.125, 0.25, 0.5, 0.75	0.1, 0.1, 0.7, 0.1	0.498269
20	20, 19, 16, 14	[1, 1, 1, 1, 0, 0, 0, 1, 0, 0, 1, 1, 1, 0, 1, 0, 0, 0, 0, 0][1, 1, 0, 0, 0, 0, 1, 1, 0, 0, 1, 0, 0, 1, 0, 1, 0, 0, 1, 1]	62.7547%	2000	0.5, 0.25	0.5	0.502744
20	20, 19, 16, 14	[1, 1, 1, 1, 0, 0, 0, 1, 0, 0, 1, 1, 1, 0, 1, 0, 0, 0, 0, 0][0, 1, 1, 0, 1, 0, 1, 1, 0, 0, 1, 1, 1, 0, 1, 0, 0, 0, 1, 0]	66.2333%	2000	0.5, 0.25	0.8, 0.2	0.507783
20	20, 19, 16, 14	[1, 1, 1, 1, 0, 0, 0, 1, 0, 0, 1, 1, 1, 0, 1, 0, 0, 0, 0, 0]	66.1279%	2000	0.5, 0.25	0.5	0.513716
20	20, 19, 16, 14	[1, 1, 1, 1, 0, 0, 0, 1, 0, 0, 1, 1, 1, 0, 1, 0, 0, 0, 0, 0]	66.2684%	2000	0.5, 0.25	0.8, 0.2	0.506178
20	20, 19, 16, 14	[1, 1, 1, 1, 0, 0, 0, 1, 0, 0, 1, 1, 1, 0, 1, 0, 0, 0, 0, 0][1, 1, 1, 1, 1, 1, 0, 1, 0, 0, 1, 1, 1, 0, 1, 1, 0, 1, 1, 1]	62.7547%	2000	0.5, 0.75	0.5	0.502744
20	20, 19, 16, 14	[1, 1, 1, 1, 0, 0, 0, 1, 0, 0, 1, 1, 1, 0, 1, 0, 0, 0, 0, 0][1, 0, 1, 0, 0, 0, 0, 1, 0, 1, 1, 1, 0, 1, 0, 1, 0, 1, 0, 0]	65.4954%	2000	0.5, 0.75	0.9, 0.1	0.528166
20	20, 19, 16, 14	[1, 1, 1, 1, 0, 0, 0, 1, 0, 0, 1, 1, 1, 0, 1, 0, 0, 0, 0, 0]	64.5467%	2000	0.5, 0.75	0.5	0.635317
20	20, 19, 16, 14	[1, 1, 1, 1, 0, 0, 0, 1, 0, 0, 1, 1, 1, 0, 1, 0, 0, 0, 0, 0]	65.4252%	2000	0.5, 0.75	0.9, 0.1	0.527523
20	20, 19, 16, 14	[1, 1, 1, 1, 0, 0, 0, 1, 0, 0, 1, 1, 1, 0, 1, 0, 0, 0, 0, 0][0, 0, 0, 0, 1, 1, 0, 1, 0, 1, 1, 0, 1, 1, 1, 0, 0, 0, 0, 0]	62.7547%	2000	0.5, 0.125	0.5	0.502744
20	20, 19, 16, 14	[1, 1, 1, 1, 0, 0, 0, 1, 0, 0, 1, 1, 1, 0, 1, 0, 0, 0, 0, 0][0, 1, 1, 0, 1, 0, 1, 0, 0, 1, 1, 0, 0, 1, 1, 1, 0, 1, 0, 0]	65.6360%	2000	0.5, 0.125	0.9, 0.1	0.467117
20	20, 19, 16, 14	[1, 1, 1, 1, 0, 0, 0, 1, 0, 0, 1, 1, 1, 0, 1, 0, 0, 0, 0, 0]	63.2115%	2000	0.5, 0.125	0.5	0.325416
20	20, 19, 16, 14	[1, 1, 1, 1, 0, 0, 0, 1, 0, 0, 1, 1, 1, 0, 1, 0, 0, 0, 0, 0]	65.8819%	2000	0.5, 0.125	0.9, 0.1	0.466925
20	20, 19, 16, 14	[1, 0, 1, 0, 0, 0, 1, 1, 0, 0, 1, 0, 0, 1, 1, 0, 1, 1, 1, 0][1, 1, 1, 1, 0, 0, 0, 1, 0, 0, 1, 1, 1, 0, 1, 0, 0, 0, 0, 0][1, 1, 0, 1, 1, 0, 0, 0, 0, 0, 1, 1, 0, 1, 0, 0, 1, 0, 0, 0]	62.7547%	2000	0.25, 0.5, 0.75	0.3333333333333333	0.502744
20	20, 19, 16, 14	[1, 1, 0, 1, 0, 0, 1, 1, 1, 1, 1, 0, 0, 1, 1, 1, 0, 1, 0, 0][1, 1, 1, 1, 0, 0, 0, 1, 0, 0, 1, 1, 1, 0, 1, 0, 0, 0, 0, 0][1, 0, 1, 1, 1, 1, 1, 0, 0, 0, 1, 0, 0, 0, 1, 0, 0, 0, 1, 0]	66.5144%	2000	0.25, 0.5, 0.75	0.1, 0.8, 0.1	0.528073
20	20, 19, 16, 14	[1, 1, 1, 1, 0, 0, 0, 1, 0, 0, 1, 1, 1, 0, 1, 0, 0, 0, 0, 0]	65.2495%	2000	0.25, 0.5, 0.75	0.3333333333333333	0.600157
20	20, 19, 16, 14	[1, 1, 1, 1, 0, 0, 0, 1, 0, 0, 1, 1, 1, 0, 1, 0, 0, 0, 0, 0]	65.4252%	2000	0.25, 0.5, 0.75	0.1, 0.8, 0.1	0.530402
20	20, 19, 16, 14	[0, 0, 0, 0, 0, 1, 1, 1, 1, 1, 0, 0, 1, 1, 1, 0, 0, 1, 1, 1][0, 1, 1, 0, 0, 0, 0, 0, 0, 1, 0, 0, 0, 1, 1, 1, 0, 0, 1, 1][1, 1, 1, 1, 0, 0, 0, 1, 0, 0, 1, 1, 1, 0, 1, 0, 0, 0, 0, 0][0, 1, 0, 0, 0, 0, 1, 1, 0, 1, 0, 1, 0, 1, 0, 0, 1, 0, 0, 1]	62.7547%	2000	0.125, 0.25, 0.5, 0.75	0.25	0.502744
20	20, 19, 16, 14	[1, 0, 1, 1, 1, 0, 1, 1, 0, 1, 1, 1, 0, 1, 0, 1, 1, 1, 1, 1][1, 1, 0, 0, 1, 0, 0, 1, 0, 1, 0, 0, 1, 1, 1, 1, 0, 0, 0, 1][1, 1, 1, 1, 0, 0, 0, 1, 0, 0, 1, 1, 1, 0, 1, 0, 0, 0, 0, 0][1, 0, 0, 0, 0, 1, 0, 0, 0, 0, 1, 1, 1, 0, 0, 0, 0, 0, 1, 0]	65.7414%	2000	0.125, 0.25, 0.5, 0.75	0.1, 0.1, 0.7, 0.1	0.494352
20	20, 19, 16, 14	[1, 1, 1, 1, 0, 0, 0, 1, 0, 0, 1, 1, 1, 0, 1, 0, 0, 0, 0, 0]	63.9845%	2000	0.125, 0.25, 0.5, 0.75	0.25	0.487701
20	20, 19, 16, 14	[1, 1, 1, 1, 0, 0, 0, 1, 0, 0, 1, 1, 1, 0, 1, 0, 0, 0, 0, 0]	65.5306%	2000	0.125, 0.25, 0.5, 0.75	0.1, 0.1, 0.7, 0.1	0.495704
20	20, 19, 16, 14	[1, 1, 1, 1, 0, 0, 0, 1, 0, 0, 1, 1, 1, 0, 1, 0, 0, 0, 0, 0][0, 0, 0, 0, 1, 0, 1, 0, 1, 1, 0, 0, 0, 1, 0, 1, 1, 0, 0, 1]	67.8145%	3000	0.5, 0.25	0.5	0.512741
20	20, 19, 16, 14	[1, 1, 1, 1, 0, 0, 0, 1, 0, 0, 1, 1, 1, 0, 1, 0, 0, 0, 0, 0][1, 1, 0, 1, 1, 1, 1, 1, 1, 1, 1, 0, 1, 1, 1, 0, 1, 0, 0, 0]	67.0766%	3000	0.5, 0.25	0.8, 0.2	0.508263
20	20, 19, 16, 14	[1, 1, 1, 1, 0, 0, 0, 1, 0, 0, 1, 1, 1, 0, 1, 0, 0, 0, 0, 0]	67.3928%	3000	0.5, 0.25	0.5	0.513236
20	20, 19, 16, 14	[1, 1, 1, 1, 0, 0, 0, 1, 0, 0, 1, 1, 1, 0, 1, 0, 0, 0, 0, 0]	67.3226%	3000	0.5, 0.25	0.8, 0.2	0.508655
20	20, 19, 16, 14	[1, 1, 1, 1, 0, 0, 0, 1, 0, 0, 1, 1, 1, 0, 1, 0, 0, 0, 0, 0][1, 1, 0, 0, 0, 1, 1, 0, 0, 1, 0, 1, 1, 1, 0, 1, 0, 0, 1, 1]	67.8145%	3000	0.5, 0.75	0.5	0.512741
20	20, 19, 16, 14	[1, 1, 1, 1, 0, 0, 0, 1, 0, 0, 1, 1, 1, 0, 1, 0, 0, 0, 0, 0][0, 1, 1, 1, 0, 1, 1, 1, 0, 1, 1, 0, 1, 1, 0, 1, 0, 1, 1, 1]	66.6198%	3000	0.5, 0.75	0.9, 0.1	0.531001
20	20, 19, 16, 14	[1, 1, 1, 1, 0, 0, 0, 1, 0, 0, 1, 1, 1, 0, 1, 0, 0, 0, 0, 0]	65.7414%	3000	0.5, 0.75	0.5	0.634871
20	20, 19, 16, 14	[1, 1, 1, 1, 0, 0, 0, 1, 0, 0, 1, 1, 1, 0, 1, 0, 0, 0, 0, 0]	66.8658%	3000	0.5, 0.75	0.9, 0.1	0.530189
20	20, 19, 16, 14	[1, 1, 1, 1, 0, 0, 0, 1, 0, 0, 1, 1, 1, 0, 1, 0, 0, 0, 0, 0][1, 0, 1, 1, 1, 1, 1, 0, 0, 0, 1, 1, 1, 1, 0, 0, 1, 1, 0, 0]	67.8145%	3000	0.5, 0.125	0.5	0.512741
20	20, 19, 16, 14	[1, 1, 1, 1, 0, 0, 0, 1, 0, 0, 1, 1, 1, 0, 1, 0, 0, 0, 0, 0][1, 0, 1, 0, 0, 0, 0, 1, 1, 1, 0, 0, 1, 0, 0, 0, 1, 0, 0, 1]	66.6901%	3000	0.5, 0.125	0.9, 0.1	0.468492
20	20, 19, 16, 14	[1, 1, 1, 1, 0, 0, 0, 1, 0, 0, 1, 1, 1, 0, 1, 0, 0, 0, 0, 0]	65.2846%	3000	0.5, 0.125	0.5	0.326105
20	20, 19, 16, 14	[1, 1, 1, 1, 0, 0, 0, 1, 0, 0, 1, 1, 1, 0, 1, 0, 0, 0, 0, 0]	66.9361%	3000	0.5, 0.125	0.9, 0.1	0.468250
20	20, 19, 16, 14	[0, 1, 0, 0, 0, 0, 1, 1, 1, 0, 1, 1, 0, 0, 0, 1, 0, 0, 1, 1][1, 1, 1, 1, 0, 0, 0, 1, 0, 0, 1, 1, 1, 0, 1, 0, 0, 0, 0, 0][1, 1, 1, 1, 0, 0, 0, 0, 1, 1, 0, 1, 0, 1, 1, 0, 0, 0, 1, 0]	67.8145%	3000	0.25, 0.5, 0.75	0.3333333333333333	0.512741
20	20, 19, 16, 14	[1, 0, 1, 0, 1, 0, 0, 1, 1, 1, 0, 1, 0, 1, 1, 1, 1, 1, 0, 0][1, 1, 1, 1, 0, 0, 0, 1, 0, 0, 1, 1, 1, 0, 1, 0, 0, 0, 0, 0][1, 0, 1, 0, 1, 0, 0, 1, 1, 0, 1, 1, 0, 1, 1, 1, 1, 0, 1, 0]	66.7955%	3000	0.25, 0.5, 0.75	0.1, 0.8, 0.1	0.531733
20	20, 19, 16, 14	[1, 1, 1, 1, 0, 0, 0, 1, 0, 0, 1, 1, 1, 0, 1, 0, 0, 0, 0, 0]	66.6901%	3000	0.25, 0.5, 0.75	0.3333333333333333	0.597029
20	20, 19, 16, 14	[1, 1, 1, 1, 0, 0, 0, 1, 0, 0, 1, 1, 1, 0, 1, 0, 0, 0, 0, 0]	66.6901%	3000	0.25, 0.5, 0.75	0.1, 0.8, 0.1	0.530638
20	20, 19, 16, 14	[0, 0, 1, 1, 0, 1, 0, 1, 0, 1, 0, 0, 1, 0, 1, 1, 1, 0, 1, 0][1, 1, 1, 1, 0, 0, 0, 0, 0, 0, 0, 0, 1, 1, 0, 1, 0, 1, 1, 0][1, 1, 1, 1, 0, 0, 0, 1, 0, 0, 1, 1, 1, 0, 1, 0, 0, 0, 0, 0][0, 1, 1, 0, 1, 0, 0, 0, 0, 0, 0, 0, 1, 0, 0, 1, 1, 0, 1, 0]	67.8145%	3000	0.125, 0.25, 0.5, 0.75	0.25	0.512741
20	20, 19, 16, 14	[1, 1, 1, 0, 0, 0, 1, 0, 0, 1, 1, 0, 1, 1, 1, 0, 0, 0, 0, 0][1, 1, 1, 1, 1, 0, 0, 1, 1, 0, 0, 1, 0, 1, 0, 1, 1, 0, 1, 0][1, 1, 1, 1, 0, 0, 0, 1, 0, 0, 1, 1, 1, 0, 1, 0, 0, 0, 0, 0][0, 1, 0, 1, 1, 0, 1, 0, 1, 0, 0, 1, 0, 1, 0, 1, 1, 0, 1, 1]	66.4793%	3000	0.125, 0.25, 0.5, 0.75	0.1, 0.1, 0.7, 0.1	0.496176
20	20, 19, 16, 14	[1, 1, 1, 1, 0, 0, 0, 1, 0, 0, 1, 1, 1, 0, 1, 0, 0, 0, 0, 0]	65.4954%	3000	0.125, 0.25, 0.5, 0.75	0.25	0.489502
20	20, 19, 16, 14	[1, 1, 1, 1, 0, 0, 0, 1, 0, 0, 1, 1, 1, 0, 1, 0, 0, 0, 0, 0]	66.5495%	3000	0.125, 0.25, 0.5, 0.75	0.1, 0.1, 0.7, 0.1	0.496462
20	20, 19, 16, 14	[1, 1, 1, 1, 0, 0, 0, 1, 0, 0, 1, 1, 1, 0, 1, 0, 0, 0, 0, 0][1, 1, 1, 1, 0, 0, 0, 1, 0, 0, 1, 0, 0, 0, 1, 1, 0, 1, 1, 0]	68.2361%	4000	0.5, 0.25	0.5	0.513134
20	20, 19, 16, 14	[1, 1, 1, 1, 0, 0, 0, 1, 0, 0, 1, 1, 1, 0, 1, 0, 0, 0, 0, 0][0, 1, 0, 0, 0, 0, 0, 1, 0, 0, 0, 1, 0, 1, 1, 0, 0, 0, 0, 0]	68.1307%	4000	0.5, 0.25	0.8, 0.2	0.509298
20	20, 19, 16, 14	[1, 1, 1, 1, 0, 0, 0, 1, 0, 0, 1, 1, 1, 0, 1, 0, 0, 0, 0, 0]	67.9550%	4000	0.5, 0.25	0.5	0.513101
20	20, 19, 16, 14	[1, 1, 1, 1, 0, 0, 0, 1, 0, 0, 1, 1, 1, 0, 1, 0, 0, 0, 0, 0]	68.2010%	4000	0.5, 0.25	0.8, 0.2	0.508759
20	20, 19, 16, 14	[1, 1, 1, 1, 0, 0, 0, 1, 0, 0, 1, 1, 1, 0, 1, 0, 0, 0, 0, 0][0, 0, 0, 0, 1, 1, 0, 1, 1, 0, 1, 0, 1, 1, 1, 0, 0, 1, 1, 0]	68.4118%	4000	0.5, 0.75	0.5	0.508520
20	20, 19, 16, 14	[1, 1, 1, 1, 0, 0, 0, 1, 0, 0, 1, 1, 1, 0, 1, 0, 0, 0, 0, 0][1, 1, 1, 0, 0, 1, 1, 1, 0, 1, 0, 0, 0, 0, 1, 1, 1, 1, 0, 0]	67.4631%	4000	0.5, 0.75	0.9, 0.1	0.529755
20	20, 19, 16, 14	[1, 1, 1, 1, 0, 0, 0, 1, 0, 0, 1, 1, 1, 0, 1, 0, 0, 0, 0, 0]	66.8306%	4000	0.5, 0.75	0.5	0.634224
20	20, 19, 16, 14	[1, 1, 1, 1, 0, 0, 0, 1, 0, 0, 1, 1, 1, 0, 1, 0, 0, 0, 0, 0]	67.4982%	4000	0.5, 0.75	0.9, 0.1	0.530304
20	20, 19, 16, 14	[1, 1, 1, 1, 0, 0, 0, 1, 0, 0, 1, 1, 1, 0, 1, 0, 0, 0, 0, 0][0, 0, 0, 1, 0, 1, 1, 1, 1, 0, 0, 0, 1, 0, 1, 1, 0, 0, 0, 1]	68.4118%	4000	0.5, 0.125	0.5	0.508520
20	20, 19, 16, 14	[1, 1, 1, 1, 0, 0, 0, 1, 0, 0, 1, 1, 1, 0, 1, 0, 0, 0, 0, 0][0, 1, 1, 0, 0, 0, 0, 1, 0, 0, 1, 0, 0, 0, 1, 1, 0, 0, 0, 0]	67.3577%	4000	0.5, 0.125	0.9, 0.1	0.469027
20	20, 19, 16, 14	[1, 1, 1, 1, 0, 0, 0, 1, 0, 0, 1, 1, 1, 0, 1, 0, 0, 0, 0, 0]	66.0928%	4000	0.5, 0.125	0.5	0.326333
20	20, 19, 16, 14	[1, 1, 1, 1, 0, 0, 0, 1, 0, 0, 1, 1, 1, 0, 1, 0, 0, 0, 0, 0]	67.6037%	4000	0.5, 0.125	0.9, 0.1	0.468706
20	20, 19, 16, 14	[1, 0, 1, 1, 1, 1, 0, 0, 1, 0, 0, 1, 0, 0, 1, 0, 1, 1, 1, 1][1, 1, 1, 1, 0, 0, 0, 1, 0, 0, 1, 1, 1, 0, 1, 0, 0, 0, 0, 0][1, 0, 1, 0, 1, 1, 1, 1, 0, 1, 0, 0, 0, 0, 1, 1, 1, 0, 0, 0]	68.4118%	4000	0.25, 0.5, 0.75	0.3333333333333333	0.508520
20	20, 19, 16, 14	[1, 1, 1, 0, 1, 0, 0, 1, 0, 0, 1, 0, 1, 1, 1, 0, 1, 0, 0, 0][1, 1, 1, 1, 0, 0, 0, 1, 0, 0, 1, 1, 1, 0, 1, 0, 0, 0, 0, 0][0, 1, 1, 0, 0, 1, 0, 1, 1, 0, 0, 0, 1, 1, 0, 0, 0, 0, 0, 0]	67.9199%	4000	0.25, 0.5, 0.75	0.1, 0.8, 0.1	0.531748
20	20, 19, 16, 14	[1, 1, 1, 1, 0, 0, 0, 1, 0, 0, 1, 1, 1, 0, 1, 0, 0, 0, 0, 0]	66.9009%	4000	0.25, 0.5, 0.75	0.3333333333333333	0.598893
20	20, 19, 16, 14	[1, 1, 1, 1, 0, 0, 0, 1, 0, 0, 1, 1, 1, 0, 1, 0, 0, 0, 0, 0]	67.7442%	4000	0.25, 0.5, 0.75	0.1, 0.8, 0.1	0.533234
20	20, 19, 16, 14	[0, 1, 1, 0, 1, 0, 1, 0, 0, 0, 0, 0, 0, 1, 1, 1, 1, 0, 1, 1][0, 0, 0, 1, 1, 0, 0, 0, 0, 0, 1, 0, 1, 1, 0, 0, 0, 0, 1, 1][1, 1, 1, 1, 0, 0, 0, 1, 0, 0, 1, 1, 1, 0, 1, 0, 0, 0, 0, 0][1, 0, 1, 1, 1, 1, 1, 0, 1, 1, 0, 0, 0, 1, 1, 0, 0, 0, 0, 0]	68.4118%	4000	0.125, 0.25, 0.5, 0.75	0.25	0.508520
20	20, 19, 16, 14	[1, 1, 1, 0, 0, 0, 0, 0, 0, 1, 1, 0, 0, 0, 0, 1, 0, 0, 1, 0][0, 0, 1, 0, 1, 1, 1, 0, 0, 0, 0, 1, 1, 1, 1, 0, 1, 1, 0, 0][1, 1, 1, 1, 0, 0, 0, 1, 0, 0, 1, 1, 1, 0, 1, 0, 0, 0, 0, 0][0, 1, 1, 0, 1, 0, 1, 0, 1, 1, 0, 1, 0, 0, 0, 0, 0, 0, 1, 1]	67.5334%	4000	0.125, 0.25, 0.5, 0.75	0.1, 0.1, 0.7, 0.1	0.496076
20	20, 19, 16, 14	[1, 1, 1, 1, 0, 0, 0, 1, 0, 0, 1, 1, 1, 0, 1, 0, 0, 0, 0, 0]	67.0766%	4000	0.125, 0.25, 0.5, 0.75	0.25	0.485630
20	20, 19, 16, 14	[1, 1, 1, 1, 0, 0, 0, 1, 0, 0, 1, 1, 1, 0, 1, 0, 0, 0, 0, 0]	67.2874%	4000	0.125, 0.25, 0.5, 0.75	0.1, 0.1, 0.7, 0.1	0.497916
